31.77370000000	-77594.00000000000
31.77375000000	-77600.10000000001
31.77380000000	-77581.80000000000
31.77385000000	-77557.39999999999
31.77390000000	-77563.50000000000
31.77395000000	-77569.60000000001
31.77400000000	-77563.50000000000
31.77405000000	-77539.10000000001
31.77410000000	-77557.39999999999
31.77415000000	-77539.10000000001
31.77420000000	-77539.10000000001
31.77425000000	-77520.70000000000
31.77430000000	-77526.89999999999
31.77435000000	-77526.89999999999
31.77440000000	-77526.89999999999
31.77445000000	-77508.50000000000
31.77450000000	-77508.50000000000
31.77455000000	-77508.50000000000
31.77460000000	-77502.39999999999
31.77465000000	-77490.20000000000
31.77470000000	-77471.89999999999
31.77475000000	-77490.20000000000
31.77480000000	-77471.89999999999
31.77485000000	-77490.20000000000
31.77490000000	-77459.70000000000
31.77495000000	-77453.60000000001
31.77500000000	-77447.50000000000
31.77505000000	-77410.89999999999
31.77510000000	-77398.70000000000
31.77515000000	-77368.20000000000
31.77520000000	-77349.80000000000
31.77525000000	-77294.89999999999
31.77530000000	-77270.50000000000
31.77535000000	-77221.70000000000
31.77540000000	-77209.50000000000
31.77545000000	-77148.39999999999
31.77550000000	-77111.80000000000
31.77555000000	-77075.20000000000
31.77560000000	-77056.89999999999
31.77565000000	-77026.39999999999
31.77570000000	-77026.39999999999
31.77575000000	-77001.89999999999
31.77580000000	-76995.80000000000
31.77585000000	-77014.20000000000
31.77590000000	-76995.80000000000
31.77595000000	-77001.89999999999
31.77600000000	-77001.89999999999
31.77605000000	-77032.50000000000
31.77610000000	-77001.89999999999
31.77615000000	-77020.30000000000
31.77620000000	-77020.30000000000
31.77625000000	-77038.60000000001
31.77630000000	-77032.50000000000
31.77635000000	-77063.00000000000
31.77640000000	-77056.89999999999
31.77645000000	-77075.20000000000
31.77650000000	-77087.39999999999
31.77655000000	-77093.50000000000
31.77660000000	-77111.80000000000
31.77665000000	-77111.80000000000
31.77670000000	-77148.39999999999
31.77675000000	-77148.39999999999
31.77680000000	-77154.50000000000
31.77685000000	-77148.39999999999
31.77690000000	-77185.10000000001
31.77695000000	-77172.80000000000
31.77700000000	-77197.30000000000
31.77705000000	-77191.20000000000
31.77710000000	-77209.50000000000
31.77715000000	-77215.60000000001
31.77720000000	-77227.80000000000
31.77725000000	-77246.10000000001
31.77730000000	-77252.20000000000
31.77735000000	-77276.60000000001
31.77740000000	-77264.39999999999
31.77745000000	-77270.50000000000
31.77750000000	-77246.10000000001
31.77755000000	-77264.39999999999
31.77760000000	-77252.20000000000
31.77765000000	-77270.50000000000
31.77770000000	-77233.89999999999
31.77775000000	-77246.10000000001
31.77780000000	-77246.10000000001
31.77785000000	-77240.00000000000
31.77790000000	-77221.70000000000
31.77795000000	-77227.80000000000
31.77800000000	-77221.70000000000
31.77805000000	-77221.70000000000
31.77810000000	-77227.80000000000
31.77815000000	-77227.80000000000
31.77820000000	-77246.10000000001
31.77825000000	-77240.00000000000
31.77830000000	-77240.00000000000
31.77835000000	-77227.80000000000
31.77840000000	-77246.10000000001
31.77845000000	-77227.80000000000
31.77850000000	-77227.80000000000
31.77855000000	-77227.80000000000
31.77860000000	-77240.00000000000
31.77865000000	-77233.89999999999
31.77870000000	-77233.89999999999
31.77875000000	-77221.70000000000
31.77880000000	-77227.80000000000
31.77885000000	-77227.80000000000
31.77890000000	-77209.50000000000
31.77895000000	-77203.39999999999
31.77900000000	-77197.30000000000
31.77905000000	-77203.39999999999
31.77910000000	-77227.80000000000
31.77915000000	-77215.60000000001
31.77920000000	-77203.39999999999
31.77925000000	-77233.89999999999
31.77930000000	-77227.80000000000
31.77935000000	-77233.89999999999
31.77940000000	-77221.70000000000
31.77945000000	-77246.10000000001
31.77950000000	-77258.30000000000
31.77955000000	-77270.50000000000
31.77960000000	-77270.50000000000
31.77965000000	-77270.50000000000
31.77970000000	-77282.70000000000
31.77975000000	-77301.00000000000
31.77980000000	-77301.00000000000
31.77985000000	-77313.20000000000
31.77990000000	-77294.89999999999
31.77995000000	-77294.89999999999
31.78000000000	-77288.80000000000
31.78005000000	-77282.70000000000
31.78010000000	-77288.80000000000
31.78015000000	-77288.80000000000
31.78020000000	-77294.89999999999
31.78025000000	-77270.50000000000
31.78030000000	-77288.80000000000
31.78035000000	-77288.80000000000
31.78040000000	-77276.60000000001
31.78045000000	-77270.50000000000
31.78050000000	-77264.39999999999
31.78055000000	-77258.30000000000
31.78060000000	-77264.39999999999
31.78065000000	-77264.39999999999
31.78070000000	-77252.20000000000
31.78075000000	-77252.20000000000
31.78080000000	-77258.30000000000
31.78085000000	-77252.20000000000
31.78090000000	-77246.10000000001
31.78095000000	-77252.20000000000
31.78100000000	-77233.89999999999
31.78105000000	-77240.00000000000
31.78110000000	-77209.50000000000
31.78115000000	-77233.89999999999
31.78120000000	-77215.60000000001
31.78125000000	-77233.89999999999
31.78130000000	-77203.39999999999
31.78135000000	-77215.60000000001
31.78140000000	-77221.70000000000
31.78145000000	-77215.60000000001
31.78150000000	-77203.39999999999
31.78155000000	-77191.20000000000
31.78160000000	-77203.39999999999
31.78165000000	-77203.39999999999
31.78170000000	-77209.50000000000
31.78175000000	-77191.20000000000
31.78180000000	-77209.50000000000
31.78185000000	-77191.20000000000
31.78190000000	-77215.60000000001
31.78195000000	-77178.89999999999
31.78200000000	-77203.39999999999
31.78205000000	-77178.89999999999
31.78210000000	-77197.30000000000
31.78215000000	-77178.89999999999
31.78220000000	-77178.89999999999
31.78225000000	-77191.20000000000
31.78230000000	-77178.89999999999
31.78235000000	-77215.60000000001
31.78240000000	-77191.20000000000
31.78245000000	-77233.89999999999
31.78250000000	-77209.50000000000
31.78255000000	-77252.20000000000
31.78260000000	-77233.89999999999
31.78265000000	-77276.60000000001
31.78270000000	-77258.30000000000
31.78275000000	-77307.10000000001
31.78280000000	-77319.30000000000
31.78285000000	-77313.20000000000
31.78290000000	-77337.60000000001
31.78295000000	-77349.80000000000
31.78300000000	-77368.20000000000
31.78305000000	-77343.70000000000
31.78310000000	-77386.50000000000
31.78315000000	-77349.80000000000
31.78320000000	-77380.39999999999
31.78325000000	-77337.60000000001
31.78330000000	-77343.70000000000
31.78335000000	-77331.50000000000
31.78340000000	-77343.70000000000
31.78345000000	-77313.20000000000
31.78350000000	-77294.89999999999
31.78355000000	-77288.80000000000
31.78360000000	-77264.39999999999
31.78365000000	-77264.39999999999
31.78370000000	-77209.50000000000
31.78375000000	-77221.70000000000
31.78380000000	-77191.20000000000
31.78385000000	-77191.20000000000
31.78390000000	-77178.89999999999
31.78395000000	-77178.89999999999
31.78400000000	-77160.60000000001
31.78405000000	-77166.70000000000
31.78410000000	-77142.30000000000
31.78415000000	-77154.50000000000
31.78420000000	-77130.10000000001
31.78425000000	-77142.30000000000
31.78430000000	-77148.39999999999
31.78435000000	-77124.00000000000
31.78440000000	-77166.70000000000
31.78445000000	-77124.00000000000
31.78450000000	-77148.39999999999
31.78455000000	-77117.89999999999
31.78460000000	-77148.39999999999
31.78465000000	-77130.10000000001
31.78470000000	-77154.50000000000
31.78475000000	-77124.00000000000
31.78480000000	-77154.50000000000
31.78485000000	-77148.39999999999
31.78490000000	-77142.30000000000
31.78495000000	-77148.39999999999
31.78500000000	-77117.89999999999
31.78505000000	-77130.10000000001
31.78510000000	-77117.89999999999
31.78515000000	-77124.00000000000
31.78520000000	-77087.39999999999
31.78525000000	-77117.89999999999
31.78530000000	-77087.39999999999
31.78535000000	-77105.70000000000
31.78540000000	-77069.10000000001
31.78545000000	-77081.30000000000
31.78550000000	-77075.20000000000
31.78555000000	-77087.39999999999
31.78560000000	-77075.20000000000
31.78565000000	-77087.39999999999
31.78570000000	-77093.50000000000
31.78575000000	-77081.30000000000
31.78580000000	-77111.80000000000
31.78585000000	-77093.50000000000
31.78590000000	-77117.89999999999
31.78595000000	-77117.89999999999
31.78600000000	-77136.20000000000
31.78605000000	-77117.89999999999
31.78610000000	-77148.39999999999
31.78615000000	-77166.70000000000
31.78620000000	-77160.60000000001
31.78625000000	-77178.89999999999
31.78630000000	-77197.30000000000
31.78635000000	-77221.70000000000
31.78640000000	-77221.70000000000
31.78645000000	-77215.60000000001
31.78650000000	-77221.70000000000
31.78655000000	-77252.20000000000
31.78660000000	-77252.20000000000
31.78665000000	-77282.70000000000
31.78670000000	-77258.30000000000
31.78675000000	-77276.60000000001
31.78680000000	-77288.80000000000
31.78685000000	-77294.89999999999
31.78690000000	-77288.80000000000
31.78695000000	-77301.00000000000
31.78700000000	-77288.80000000000
31.78705000000	-77294.89999999999
31.78710000000	-77294.89999999999
31.78715000000	-77282.70000000000
31.78720000000	-77288.80000000000
31.78725000000	-77288.80000000000
31.78730000000	-77276.60000000001
31.78735000000	-77282.70000000000
31.78740000000	-77288.80000000000
31.78745000000	-77288.80000000000
31.78750000000	-77301.00000000000
31.78755000000	-77288.80000000000
31.78760000000	-77282.70000000000
31.78765000000	-77301.00000000000
31.78770000000	-77288.80000000000
31.78775000000	-77270.50000000000
31.78780000000	-77276.60000000001
31.78785000000	-77282.70000000000
31.78790000000	-77270.50000000000
31.78795000000	-77246.10000000001
31.78800000000	-77246.10000000001
31.78805000000	-77233.89999999999
31.78810000000	-77227.80000000000
31.78815000000	-77203.39999999999
31.78820000000	-77185.10000000001
31.78825000000	-77172.80000000000
31.78830000000	-77166.70000000000
31.78835000000	-77142.30000000000
31.78840000000	-77117.89999999999
31.78845000000	-77111.80000000000
31.78850000000	-77099.60000000001
31.78855000000	-77099.60000000001
31.78860000000	-77081.30000000000
31.78865000000	-77093.50000000000
31.78870000000	-77056.89999999999
31.78875000000	-77081.30000000000
31.78880000000	-77050.80000000000
31.78885000000	-77026.39999999999
31.78890000000	-77026.39999999999
31.78895000000	-77026.39999999999
31.78900000000	-77020.30000000000
31.78905000000	-76995.80000000000
31.78910000000	-77014.20000000000
31.78915000000	-77001.89999999999
31.78920000000	-77008.00000000000
31.78925000000	-76983.60000000001
31.78930000000	-76971.39999999999
31.78935000000	-76971.39999999999
31.78940000000	-76995.80000000000
31.78945000000	-76977.50000000000
31.78950000000	-76977.50000000000
31.78955000000	-76977.50000000000
31.78960000000	-76977.50000000000
31.78965000000	-76971.39999999999
31.78970000000	-76947.00000000000
31.78975000000	-76953.10000000001
31.78980000000	-76959.20000000000
31.78985000000	-76971.39999999999
31.78990000000	-76959.20000000000
31.78995000000	-76959.20000000000
31.79000000000	-76953.10000000001
31.79005000000	-76983.60000000001
31.79010000000	-76965.30000000000
31.79015000000	-76971.39999999999
31.79020000000	-76959.20000000000
31.79025000000	-76983.60000000001
31.79030000000	-77001.89999999999
31.79035000000	-76995.80000000000
31.79040000000	-77001.89999999999
31.79045000000	-76989.70000000000
31.79050000000	-77001.89999999999
31.79055000000	-77001.89999999999
31.79060000000	-77026.39999999999
31.79065000000	-77020.30000000000
31.79070000000	-77050.80000000000
31.79075000000	-77014.20000000000
31.79080000000	-77038.60000000001
31.79085000000	-77032.50000000000
31.79090000000	-77032.50000000000
31.79095000000	-77020.30000000000
31.79100000000	-77014.20000000000
31.79105000000	-77014.20000000000
31.79110000000	-77026.39999999999
31.79115000000	-77038.60000000001
31.79120000000	-77020.30000000000
31.79125000000	-77014.20000000000
31.79130000000	-76995.80000000000
31.79135000000	-77014.20000000000
31.79140000000	-76989.70000000000
31.79145000000	-76995.80000000000
31.79150000000	-76983.60000000001
31.79155000000	-76983.60000000001
31.79160000000	-76995.80000000000
31.79165000000	-76965.30000000000
31.79170000000	-76959.20000000000
31.79175000000	-76934.80000000000
31.79180000000	-76940.89999999999
31.79185000000	-76916.50000000000
31.79190000000	-76916.50000000000
31.79195000000	-76916.50000000000
31.79200000000	-76922.60000000001
31.79205000000	-76873.80000000000
31.79210000000	-76898.20000000000
31.79215000000	-76867.70000000000
31.79220000000	-76892.10000000001
31.79225000000	-76867.70000000000
31.79230000000	-76855.50000000000
31.79235000000	-76843.30000000000
31.79240000000	-76849.39999999999
31.79245000000	-76843.30000000000
31.79250000000	-76824.89999999999
31.79255000000	-76843.30000000000
31.79260000000	-76831.00000000000
31.79265000000	-76849.39999999999
31.79270000000	-76818.80000000000
31.79275000000	-76837.10000000001
31.79280000000	-76824.89999999999
31.79285000000	-76855.50000000000
31.79290000000	-76837.10000000001
31.79295000000	-76861.60000000001
31.79300000000	-76873.80000000000
31.79305000000	-76886.00000000000
31.79310000000	-76898.20000000000
31.79315000000	-76892.10000000001
31.79320000000	-76934.80000000000
31.79325000000	-76959.20000000000
31.79330000000	-76977.50000000000
31.79335000000	-76989.70000000000
31.79340000000	-77032.50000000000
31.79345000000	-77050.80000000000
31.79350000000	-77099.60000000001
31.79355000000	-77105.70000000000
31.79360000000	-77142.30000000000
31.79365000000	-77166.70000000000
31.79370000000	-77191.20000000000
31.79375000000	-77227.80000000000
31.79380000000	-77233.89999999999
31.79385000000	-77264.39999999999
31.79390000000	-77294.89999999999
31.79395000000	-77307.10000000001
31.79400000000	-77313.20000000000
31.79405000000	-77349.80000000000
31.79410000000	-77343.70000000000
31.79415000000	-77374.30000000000
31.79420000000	-77356.00000000000
31.79425000000	-77374.30000000000
31.79430000000	-77392.60000000001
31.79435000000	-77392.60000000001
31.79440000000	-77398.70000000000
31.79445000000	-77410.89999999999
31.79450000000	-77423.10000000001
31.79455000000	-77429.20000000000
31.79460000000	-77435.30000000000
31.79465000000	-77423.10000000001
31.79470000000	-77459.70000000000
31.79475000000	-77447.50000000000
31.79480000000	-77459.70000000000
31.79485000000	-77435.30000000000
31.79490000000	-77459.70000000000
31.79495000000	-77453.60000000001
31.79500000000	-77471.89999999999
31.79505000000	-77465.80000000000
31.79510000000	-77465.80000000000
31.79515000000	-77471.89999999999
31.79520000000	-77465.80000000000
31.79525000000	-77471.89999999999
31.79530000000	-77471.89999999999
31.79535000000	-77465.80000000000
31.79540000000	-77496.30000000000
31.79545000000	-77465.80000000000
31.79550000000	-77471.89999999999
31.79555000000	-77484.10000000001
31.79560000000	-77484.10000000001
31.79565000000	-77471.89999999999
31.79570000000	-77478.00000000000
31.79575000000	-77459.70000000000
31.79580000000	-77471.89999999999
31.79585000000	-77471.89999999999
31.79590000000	-77471.89999999999
31.79595000000	-77471.89999999999
31.79600000000	-77459.70000000000
31.79605000000	-77453.60000000001
31.79610000000	-77459.70000000000
31.79615000000	-77435.30000000000
31.79620000000	-77435.30000000000
31.79625000000	-77441.39999999999
31.79630000000	-77429.20000000000
31.79635000000	-77410.89999999999
31.79640000000	-77417.00000000000
31.79645000000	-77404.80000000000
31.79650000000	-77392.60000000001
31.79655000000	-77374.30000000000
31.79660000000	-77356.00000000000
31.79665000000	-77337.60000000001
31.79670000000	-77319.30000000000
31.79675000000	-77282.70000000000
31.79680000000	-77258.30000000000
31.79685000000	-77215.60000000001
31.79690000000	-77215.60000000001
31.79695000000	-77166.70000000000
31.79700000000	-77130.10000000001
31.79705000000	-77099.60000000001
31.79710000000	-77069.10000000001
31.79715000000	-77069.10000000001
31.79720000000	-77050.80000000000
31.79725000000	-77075.20000000000
31.79730000000	-77075.20000000000
31.79735000000	-77117.89999999999
31.79740000000	-77148.39999999999
31.79745000000	-77191.20000000000
31.79750000000	-77233.89999999999
31.79755000000	-77301.00000000000
31.79760000000	-77337.60000000001
31.79765000000	-77368.20000000000
31.79770000000	-77417.00000000000
31.79775000000	-77447.50000000000
31.79780000000	-77465.80000000000
31.79785000000	-77471.89999999999
31.79790000000	-77490.20000000000
31.79795000000	-77502.39999999999
31.79800000000	-77539.10000000001
31.79805000000	-77526.89999999999
31.79810000000	-77545.20000000000
31.79815000000	-77539.10000000001
31.79820000000	-77557.39999999999
