21.25000000000	-77606.20000000000
21.25005000000	-77575.70000000000
21.25010000000	-77557.39999999999
21.25015000000	-77551.30000000000
21.25020000000	-77545.20000000000
21.25025000000	-77520.70000000000
21.25030000000	-77526.89999999999
21.25035000000	-77520.70000000000
21.25040000000	-77502.39999999999
21.25045000000	-77508.50000000000
21.25050000000	-77478.00000000000
21.25055000000	-77478.00000000000
21.25060000000	-77441.39999999999
21.25065000000	-77435.30000000000
21.25070000000	-77410.89999999999
21.25075000000	-77368.20000000000
21.25080000000	-77349.80000000000
21.25085000000	-77288.80000000000
21.25090000000	-77252.20000000000
21.25095000000	-77215.60000000001
21.25100000000	-77160.60000000001
21.25105000000	-77124.00000000000
21.25110000000	-77075.20000000000
21.25115000000	-77038.60000000001
21.25120000000	-77044.70000000000
21.25125000000	-77026.39999999999
21.25130000000	-77020.30000000000
21.25135000000	-77008.00000000000
21.25140000000	-77014.20000000000
21.25145000000	-77038.60000000001
21.25150000000	-77020.30000000000
21.25155000000	-77032.50000000000
21.25160000000	-77020.30000000000
21.25165000000	-77044.70000000000
21.25170000000	-77038.60000000001
21.25175000000	-77050.80000000000
21.25180000000	-77056.89999999999
21.25185000000	-77056.89999999999
21.25190000000	-77075.20000000000
21.25195000000	-77063.00000000000
21.25200000000	-77075.20000000000
21.25205000000	-77075.20000000000
21.25210000000	-77093.50000000000
21.25215000000	-77093.50000000000
21.25220000000	-77093.50000000000
21.25225000000	-77087.39999999999
21.25230000000	-77117.89999999999
21.25235000000	-77117.89999999999
21.25240000000	-77136.20000000000
21.25245000000	-77136.20000000000
21.25250000000	-77154.50000000000
21.25255000000	-77154.50000000000
21.25260000000	-77160.60000000001
21.25265000000	-77172.80000000000
21.25270000000	-77178.89999999999
21.25275000000	-77185.10000000001
21.25280000000	-77185.10000000001
21.25285000000	-77191.20000000000
21.25290000000	-77197.30000000000
21.25295000000	-77215.60000000001
21.25300000000	-77203.39999999999
21.25305000000	-77203.39999999999
21.25310000000	-77197.30000000000
21.25315000000	-77221.70000000000
21.25320000000	-77227.80000000000
21.25325000000	-77209.50000000000
21.25330000000	-77221.70000000000
21.25335000000	-77203.39999999999
21.25340000000	-77246.10000000001
21.25345000000	-77227.80000000000
21.25350000000	-77264.39999999999
21.25355000000	-77258.30000000000
21.25360000000	-77276.60000000001
21.25365000000	-77282.70000000000
21.25370000000	-77288.80000000000
21.25375000000	-77307.10000000001
21.25380000000	-77313.20000000000
21.25385000000	-77319.30000000000
21.25390000000	-77313.20000000000
21.25395000000	-77307.10000000001
21.25400000000	-77307.10000000001
21.25405000000	-77313.20000000000
21.25410000000	-77288.80000000000
21.25415000000	-77301.00000000000
21.25420000000	-77276.60000000001
21.25425000000	-77301.00000000000
21.25430000000	-77270.50000000000
21.25435000000	-77258.30000000000
21.25440000000	-77246.10000000001
21.25445000000	-77264.39999999999
21.25450000000	-77246.10000000001
21.25455000000	-77233.89999999999
21.25460000000	-77221.70000000000
21.25465000000	-77215.60000000001
21.25470000000	-77227.80000000000
21.25475000000	-77203.39999999999
21.25480000000	-77215.60000000001
21.25485000000	-77185.10000000001
21.25490000000	-77209.50000000000
21.25495000000	-77191.20000000000
21.25500000000	-77209.50000000000
21.25505000000	-77191.20000000000
21.25510000000	-77227.80000000000
21.25515000000	-77233.89999999999
21.25520000000	-77246.10000000001
21.25525000000	-77246.10000000001
21.25530000000	-77270.50000000000
21.25535000000	-77288.80000000000
21.25540000000	-77270.50000000000
21.25545000000	-77301.00000000000
21.25550000000	-77294.89999999999
21.25555000000	-77331.50000000000
21.25560000000	-77307.10000000001
21.25565000000	-77325.39999999999
21.25570000000	-77307.10000000001
21.25575000000	-77331.50000000000
21.25580000000	-77325.39999999999
21.25585000000	-77319.30000000000
21.25590000000	-77294.89999999999
21.25595000000	-77301.00000000000
21.25600000000	-77294.89999999999
21.25605000000	-77276.60000000001
21.25610000000	-77270.50000000000
21.25615000000	-77264.39999999999
21.25620000000	-77276.60000000001
21.25625000000	-77258.30000000000
21.25630000000	-77258.30000000000
21.25635000000	-77246.10000000001
21.25640000000	-77252.20000000000
21.25645000000	-77252.20000000000
21.25650000000	-77258.30000000000
21.25655000000	-77258.30000000000
21.25660000000	-77264.39999999999
21.25665000000	-77270.50000000000
21.25670000000	-77252.20000000000
21.25675000000	-77246.10000000001
21.25680000000	-77240.00000000000
21.25685000000	-77246.10000000001
21.25690000000	-77221.70000000000
21.25695000000	-77240.00000000000
21.25700000000	-77227.80000000000
21.25705000000	-77252.20000000000
21.25710000000	-77221.70000000000
21.25715000000	-77221.70000000000
21.25720000000	-77221.70000000000
21.25725000000	-77240.00000000000
21.25730000000	-77240.00000000000
21.25735000000	-77215.60000000001
21.25740000000	-77215.60000000001
21.25745000000	-77209.50000000000
21.25750000000	-77221.70000000000
21.25755000000	-77215.60000000001
21.25760000000	-77203.39999999999
21.25765000000	-77203.39999999999
21.25770000000	-77227.80000000000
21.25775000000	-77209.50000000000
21.25780000000	-77209.50000000000
21.25785000000	-77203.39999999999
21.25790000000	-77215.60000000001
21.25795000000	-77221.70000000000
21.25800000000	-77197.30000000000
21.25805000000	-77203.39999999999
21.25810000000	-77215.60000000001
21.25815000000	-77215.60000000001
21.25820000000	-77215.60000000001
21.25825000000	-77227.80000000000
21.25830000000	-77227.80000000000
21.25835000000	-77246.10000000001
21.25840000000	-77258.30000000000
21.25845000000	-77270.50000000000
21.25850000000	-77282.70000000000
21.25855000000	-77313.20000000000
21.25860000000	-77313.20000000000
21.25865000000	-77331.50000000000
21.25870000000	-77331.50000000000
21.25875000000	-77374.30000000000
21.25880000000	-77356.00000000000
21.25885000000	-77374.30000000000
21.25890000000	-77374.30000000000
21.25895000000	-77368.20000000000
21.25900000000	-77374.30000000000
21.25905000000	-77368.20000000000
21.25910000000	-77356.00000000000
21.25915000000	-77349.80000000000
21.25920000000	-77325.39999999999
21.25925000000	-77337.60000000001
21.25930000000	-77319.30000000000
21.25935000000	-77288.80000000000
21.25940000000	-77288.80000000000
21.25945000000	-77282.70000000000
21.25950000000	-77264.39999999999
21.25955000000	-77240.00000000000
21.25960000000	-77233.89999999999
21.25965000000	-77240.00000000000
21.25970000000	-77215.60000000001
21.25975000000	-77203.39999999999
21.25980000000	-77209.50000000000
21.25985000000	-77191.20000000000
21.25990000000	-77178.89999999999
21.25995000000	-77172.80000000000
21.26000000000	-77172.80000000000
21.26005000000	-77160.60000000001
21.26010000000	-77172.80000000000
21.26015000000	-77142.30000000000
21.26020000000	-77148.39999999999
21.26025000000	-77160.60000000001
21.26030000000	-77148.39999999999
21.26035000000	-77160.60000000001
21.26040000000	-77130.10000000001
21.26045000000	-77160.60000000001
21.26050000000	-77148.39999999999
21.26055000000	-77154.50000000000
21.26060000000	-77148.39999999999
21.26065000000	-77154.50000000000
21.26070000000	-77148.39999999999
21.26075000000	-77154.50000000000
21.26080000000	-77142.30000000000
21.26085000000	-77142.30000000000
21.26090000000	-77142.30000000000
21.26095000000	-77142.30000000000
21.26100000000	-77148.39999999999
21.26105000000	-77117.89999999999
21.26110000000	-77130.10000000001
21.26115000000	-77111.80000000000
21.26120000000	-77124.00000000000
21.26125000000	-77099.60000000001
21.26130000000	-77117.89999999999
21.26135000000	-77099.60000000001
21.26140000000	-77111.80000000000
21.26145000000	-77087.39999999999
21.26150000000	-77087.39999999999
21.26155000000	-77099.60000000001
21.26160000000	-77111.80000000000
21.26165000000	-77093.50000000000
21.26170000000	-77105.70000000000
21.26175000000	-77117.89999999999
21.26180000000	-77117.89999999999
21.26185000000	-77154.50000000000
21.26190000000	-77136.20000000000
21.26195000000	-77166.70000000000
21.26200000000	-77178.89999999999
21.26205000000	-77185.10000000001
21.26210000000	-77178.89999999999
21.26215000000	-77203.39999999999
21.26220000000	-77215.60000000001
21.26225000000	-77215.60000000001
21.26230000000	-77227.80000000000
21.26235000000	-77246.10000000001
21.26240000000	-77276.60000000001
21.26245000000	-77258.30000000000
21.26250000000	-77294.89999999999
21.26255000000	-77264.39999999999
21.26260000000	-77282.70000000000
21.26265000000	-77282.70000000000
21.26270000000	-77301.00000000000
21.26275000000	-77294.89999999999
21.26280000000	-77307.10000000001
21.26285000000	-77294.89999999999
21.26290000000	-77301.00000000000
21.26295000000	-77301.00000000000
21.26300000000	-77288.80000000000
21.26305000000	-77301.00000000000
21.26310000000	-77307.10000000001
21.26315000000	-77313.20000000000
21.26320000000	-77282.70000000000
21.26325000000	-77307.10000000001
21.26330000000	-77301.00000000000
21.26335000000	-77319.30000000000
21.26340000000	-77301.00000000000
21.26345000000	-77319.30000000000
21.26350000000	-77313.20000000000
21.26355000000	-77313.20000000000
21.26360000000	-77307.10000000001
21.26365000000	-77313.20000000000
21.26370000000	-77294.89999999999
21.26375000000	-77288.80000000000
21.26380000000	-77276.60000000001
21.26385000000	-77227.80000000000
21.26390000000	-77246.10000000001
21.26395000000	-77221.70000000000
21.26400000000	-77221.70000000000
21.26405000000	-77185.10000000001
21.26410000000	-77172.80000000000
21.26415000000	-77148.39999999999
21.26420000000	-77160.60000000001
21.26425000000	-77105.70000000000
21.26430000000	-77093.50000000000
21.26435000000	-77111.80000000000
21.26440000000	-77099.60000000001
21.26445000000	-77087.39999999999
21.26450000000	-77075.20000000000
21.26455000000	-77081.30000000000
21.26460000000	-77044.70000000000
21.26465000000	-77069.10000000001
21.26470000000	-77026.39999999999
21.26475000000	-77056.89999999999
21.26480000000	-77032.50000000000
21.26485000000	-77063.00000000000
21.26490000000	-77026.39999999999
21.26495000000	-77032.50000000000
21.26500000000	-77020.30000000000
21.26505000000	-77014.20000000000
21.26510000000	-77008.00000000000
21.26515000000	-76989.70000000000
21.26520000000	-77014.20000000000
21.26525000000	-76989.70000000000
21.26530000000	-76995.80000000000
21.26535000000	-76995.80000000000
21.26540000000	-76989.70000000000
21.26545000000	-76971.39999999999
21.26550000000	-76977.50000000000
21.26555000000	-76971.39999999999
21.26560000000	-76983.60000000001
21.26565000000	-76983.60000000001
21.26570000000	-76989.70000000000
21.26575000000	-76983.60000000001
21.26580000000	-76983.60000000001
21.26585000000	-77001.89999999999
21.26590000000	-76983.60000000001
21.26595000000	-77014.20000000000
21.26600000000	-77001.89999999999
21.26605000000	-77020.30000000000
21.26610000000	-77008.00000000000
21.26615000000	-77014.20000000000
21.26620000000	-77008.00000000000
21.26625000000	-77026.39999999999
21.26630000000	-77032.50000000000
21.26635000000	-77032.50000000000
21.26640000000	-77044.70000000000
21.26645000000	-77038.60000000001
21.26650000000	-77056.89999999999
21.26655000000	-77056.89999999999
21.26660000000	-77056.89999999999
21.26665000000	-77050.80000000000
21.26670000000	-77056.89999999999
21.26675000000	-77038.60000000001
21.26680000000	-77056.89999999999
21.26685000000	-77032.50000000000
21.26690000000	-77032.50000000000
21.26695000000	-77038.60000000001
21.26700000000	-77014.20000000000
21.26705000000	-77008.00000000000
21.26710000000	-77014.20000000000
21.26715000000	-76995.80000000000
21.26720000000	-77001.89999999999
21.26725000000	-76971.39999999999
21.26730000000	-76947.00000000000
21.26735000000	-76959.20000000000
21.26740000000	-76947.00000000000
21.26745000000	-76934.80000000000
21.26750000000	-76910.39999999999
21.26755000000	-76910.39999999999
21.26760000000	-76910.39999999999
21.26765000000	-76892.10000000001
21.26770000000	-76873.80000000000
21.26775000000	-76873.80000000000
21.26780000000	-76873.80000000000
21.26785000000	-76873.80000000000
21.26790000000	-76861.60000000001
21.26795000000	-76855.50000000000
21.26800000000	-76843.30000000000
21.26805000000	-76855.50000000000
21.26810000000	-76837.10000000001
21.26815000000	-76855.50000000000
21.26820000000	-76849.39999999999
21.26825000000	-76861.60000000001
21.26830000000	-76855.50000000000
21.26835000000	-76855.50000000000
21.26840000000	-76861.60000000001
21.26845000000	-76873.80000000000
21.26850000000	-76892.10000000001
21.26855000000	-76898.20000000000
21.26860000000	-76898.20000000000
21.26865000000	-76928.70000000000
21.26870000000	-76940.89999999999
21.26875000000	-76940.89999999999
21.26880000000	-76971.39999999999
21.26885000000	-76977.50000000000
21.26890000000	-77026.39999999999
21.26895000000	-77020.30000000000
21.26900000000	-77075.20000000000
21.26905000000	-77075.20000000000
21.26910000000	-77142.30000000000
21.26915000000	-77142.30000000000
21.26920000000	-77166.70000000000
21.26925000000	-77197.30000000000
21.26930000000	-77240.00000000000
21.26935000000	-77252.20000000000
21.26940000000	-77264.39999999999
21.26945000000	-77294.89999999999
21.26950000000	-77307.10000000001
21.26955000000	-77325.39999999999
21.26960000000	-77331.50000000000
21.26965000000	-77343.70000000000
21.26970000000	-77356.00000000000
21.26975000000	-77374.30000000000
21.26980000000	-77380.39999999999
21.26985000000	-77392.60000000001
21.26990000000	-77398.70000000000
21.26995000000	-77417.00000000000
21.27000000000	-77429.20000000000
21.27005000000	-77423.10000000001
21.27010000000	-77441.39999999999
21.27015000000	-77447.50000000000
21.27020000000	-77478.00000000000
21.27025000000	-77453.60000000001
21.27030000000	-77478.00000000000
21.27035000000	-77459.70000000000
21.27040000000	-77484.10000000001
21.27045000000	-77478.00000000000
21.27050000000	-77496.30000000000
21.27055000000	-77484.10000000001
21.27060000000	-77490.20000000000
21.27065000000	-77490.20000000000
21.27070000000	-77484.10000000001
21.27075000000	-77496.30000000000
21.27080000000	-77508.50000000000
21.27085000000	-77508.50000000000
21.27090000000	-77496.30000000000
21.27095000000	-77526.89999999999
21.27100000000	-77496.30000000000
21.27105000000	-77508.50000000000
21.27110000000	-77502.39999999999
21.27115000000	-77496.30000000000
21.27120000000	-77490.20000000000
21.27125000000	-77502.39999999999
21.27130000000	-77496.30000000000
21.27135000000	-77465.80000000000
21.27140000000	-77484.10000000001
21.27145000000	-77484.10000000001
21.27150000000	-77496.30000000000
21.27155000000	-77465.80000000000
21.27160000000	-77478.00000000000
21.27165000000	-77465.80000000000
21.27170000000	-77465.80000000000
21.27175000000	-77435.30000000000
21.27180000000	-77447.50000000000
21.27185000000	-77429.20000000000
21.27190000000	-77429.20000000000
21.27195000000	-77410.89999999999
21.27200000000	-77398.70000000000
21.27205000000	-77374.30000000000
21.27210000000	-77356.00000000000
21.27215000000	-77343.70000000000
21.27220000000	-77294.89999999999
21.27225000000	-77294.89999999999
21.27230000000	-77240.00000000000
21.27235000000	-77221.70000000000
21.27240000000	-77160.60000000001
21.27245000000	-77142.30000000000
21.27250000000	-77111.80000000000
21.27255000000	-77093.50000000000
21.27260000000	-77056.89999999999
21.27265000000	-77056.89999999999
21.27270000000	-77056.89999999999
21.27275000000	-77087.39999999999
21.27280000000	-77117.89999999999
21.27285000000	-77142.30000000000
21.27290000000	-77203.39999999999
21.27295000000	-77240.00000000000
21.27300000000	-77307.10000000001
21.27305000000	-77331.50000000000
21.27310000000	-77398.70000000000
21.27315000000	-77410.89999999999
21.27320000000	-77459.70000000000
21.27325000000	-77478.00000000000
21.27330000000	-77502.39999999999
21.27335000000	-77496.30000000000
21.27340000000	-77526.89999999999
21.27345000000	-77539.10000000001
21.27350000000	-77539.10000000001
21.27355000000	-77545.20000000000
21.27360000000	-77557.39999999999
21.27365000000	-77587.89999999999
21.27370000000	-77557.39999999999
21.27375000000	-77569.60000000001
