11.14560000000	-77520.70000000000
11.14565000000	-77490.20000000000
11.14570000000	-77471.89999999999
11.14575000000	-77441.39999999999
11.14580000000	-77423.10000000001
11.14585000000	-77392.60000000001
11.14590000000	-77343.70000000000
11.14595000000	-77288.80000000000
11.14600000000	-77240.00000000000
11.14605000000	-77191.20000000000
11.14610000000	-77148.39999999999
11.14615000000	-77111.80000000000
11.14620000000	-77056.89999999999
11.14625000000	-77050.80000000000
11.14630000000	-77032.50000000000
11.14635000000	-77032.50000000000
11.14640000000	-77008.00000000000
11.14645000000	-77026.39999999999
11.14650000000	-77026.39999999999
11.14655000000	-77026.39999999999
11.14660000000	-77038.60000000001
11.14665000000	-77032.50000000000
11.14670000000	-77038.60000000001
11.14675000000	-77032.50000000000
11.14680000000	-77050.80000000000
11.14685000000	-77026.39999999999
11.14690000000	-77063.00000000000
11.14695000000	-77087.39999999999
11.14700000000	-77081.30000000000
11.14705000000	-77081.30000000000
11.14710000000	-77105.70000000000
11.14715000000	-77105.70000000000
11.14720000000	-77117.89999999999
11.14725000000	-77124.00000000000
11.14730000000	-77136.20000000000
11.14735000000	-77166.70000000000
11.14740000000	-77172.80000000000
11.14745000000	-77191.20000000000
11.14750000000	-77185.10000000001
11.14755000000	-77215.60000000001
11.14760000000	-77209.50000000000
11.14765000000	-77215.60000000001
11.14770000000	-77215.60000000001
11.14775000000	-77227.80000000000
11.14780000000	-77246.10000000001
11.14785000000	-77246.10000000001
11.14790000000	-77246.10000000001
11.14795000000	-77240.00000000000
11.14800000000	-77252.20000000000
11.14805000000	-77240.00000000000
11.14810000000	-77246.10000000001
11.14815000000	-77252.20000000000
11.14820000000	-77276.60000000001
11.14825000000	-77264.39999999999
11.14830000000	-77270.50000000000
11.14835000000	-77270.50000000000
11.14840000000	-77282.70000000000
11.14845000000	-77301.00000000000
11.14850000000	-77294.89999999999
11.14855000000	-77282.70000000000
11.14860000000	-77294.89999999999
11.14865000000	-77294.89999999999
11.14870000000	-77301.00000000000
11.14875000000	-77294.89999999999
11.14880000000	-77276.60000000001
11.14885000000	-77282.70000000000
11.14890000000	-77282.70000000000
11.14895000000	-77258.30000000000
11.14900000000	-77246.10000000001
11.14905000000	-77246.10000000001
11.14910000000	-77246.10000000001
11.14915000000	-77227.80000000000
11.14920000000	-77233.89999999999
11.14925000000	-77221.70000000000
11.14930000000	-77221.70000000000
11.14935000000	-77215.60000000001
11.14940000000	-77197.30000000000
11.14945000000	-77203.39999999999
11.14950000000	-77209.50000000000
11.14955000000	-77221.70000000000
11.14960000000	-77209.50000000000
11.14965000000	-77227.80000000000
11.14970000000	-77233.89999999999
11.14975000000	-77246.10000000001
11.14980000000	-77246.10000000001
11.14985000000	-77258.30000000000
11.14990000000	-77264.39999999999
11.14995000000	-77282.70000000000
11.15000000000	-77270.50000000000
11.15005000000	-77288.80000000000
11.15010000000	-77294.89999999999
11.15015000000	-77301.00000000000
11.15020000000	-77307.10000000001
11.15025000000	-77301.00000000000
11.15030000000	-77307.10000000001
11.15035000000	-77294.89999999999
11.15040000000	-77325.39999999999
11.15045000000	-77313.20000000000
11.15050000000	-77313.20000000000
11.15055000000	-77294.89999999999
11.15060000000	-77294.89999999999
11.15065000000	-77282.70000000000
11.15070000000	-77282.70000000000
11.15075000000	-77276.60000000001
11.15080000000	-77264.39999999999
11.15085000000	-77282.70000000000
11.15090000000	-77246.10000000001
11.15095000000	-77258.30000000000
11.15100000000	-77252.20000000000
11.15105000000	-77276.60000000001
11.15110000000	-77240.00000000000
11.15115000000	-77252.20000000000
11.15120000000	-77233.89999999999
11.15125000000	-77233.89999999999
11.15130000000	-77215.60000000001
11.15135000000	-77215.60000000001
11.15140000000	-77215.60000000001
11.15145000000	-77221.70000000000
11.15150000000	-77233.89999999999
11.15155000000	-77191.20000000000
11.15160000000	-77209.50000000000
11.15165000000	-77209.50000000000
11.15170000000	-77203.39999999999
11.15175000000	-77197.30000000000
11.15180000000	-77209.50000000000
11.15185000000	-77197.30000000000
11.15190000000	-77209.50000000000
11.15195000000	-77197.30000000000
11.15200000000	-77191.20000000000
11.15205000000	-77191.20000000000
11.15210000000	-77197.30000000000
11.15215000000	-77191.20000000000
11.15220000000	-77178.89999999999
11.15225000000	-77178.89999999999
11.15230000000	-77203.39999999999
11.15235000000	-77227.80000000000
11.15240000000	-77221.70000000000
11.15245000000	-77258.30000000000
11.15250000000	-77258.30000000000
11.15255000000	-77301.00000000000
11.15260000000	-77294.89999999999
11.15265000000	-77319.30000000000
11.15270000000	-77337.60000000001
11.15275000000	-77368.20000000000
11.15280000000	-77398.70000000000
11.15285000000	-77398.70000000000
11.15290000000	-77417.00000000000
11.15295000000	-77417.00000000000
11.15300000000	-77435.30000000000
11.15305000000	-77417.00000000000
11.15310000000	-77441.39999999999
11.15315000000	-77423.10000000001
11.15320000000	-77429.20000000000
11.15325000000	-77380.39999999999
11.15330000000	-77386.50000000000
11.15335000000	-77362.10000000001
11.15340000000	-77356.00000000000
11.15345000000	-77337.60000000001
11.15350000000	-77294.89999999999
11.15355000000	-77282.70000000000
11.15360000000	-77264.39999999999
11.15365000000	-77246.10000000001
11.15370000000	-77209.50000000000
11.15375000000	-77209.50000000000
11.15380000000	-77185.10000000001
11.15385000000	-77209.50000000000
11.15390000000	-77178.89999999999
11.15395000000	-77160.60000000001
11.15400000000	-77148.39999999999
11.15405000000	-77166.70000000000
11.15410000000	-77160.60000000001
11.15415000000	-77148.39999999999
11.15420000000	-77160.60000000001
11.15425000000	-77142.30000000000
11.15430000000	-77142.30000000000
11.15435000000	-77130.10000000001
11.15440000000	-77154.50000000000
11.15445000000	-77148.39999999999
11.15450000000	-77166.70000000000
11.15455000000	-77136.20000000000
11.15460000000	-77148.39999999999
11.15465000000	-77142.30000000000
11.15470000000	-77148.39999999999
11.15475000000	-77142.30000000000
11.15480000000	-77136.20000000000
11.15485000000	-77136.20000000000
11.15490000000	-77136.20000000000
11.15495000000	-77124.00000000000
11.15500000000	-77111.80000000000
11.15505000000	-77124.00000000000
11.15510000000	-77111.80000000000
11.15515000000	-77117.89999999999
11.15520000000	-77105.70000000000
11.15525000000	-77111.80000000000
11.15530000000	-77117.89999999999
11.15535000000	-77124.00000000000
11.15540000000	-77117.89999999999
11.15545000000	-77099.60000000001
11.15550000000	-77105.70000000000
11.15555000000	-77136.20000000000
11.15560000000	-77124.00000000000
11.15565000000	-77130.10000000001
11.15570000000	-77160.60000000001
11.15575000000	-77154.50000000000
11.15580000000	-77178.89999999999
11.15585000000	-77154.50000000000
11.15590000000	-77191.20000000000
11.15595000000	-77209.50000000000
11.15600000000	-77215.60000000001
11.15605000000	-77227.80000000000
11.15610000000	-77233.89999999999
11.15615000000	-77258.30000000000
11.15620000000	-77282.70000000000
11.15625000000	-77270.50000000000
11.15630000000	-77282.70000000000
11.15635000000	-77301.00000000000
11.15640000000	-77301.00000000000
11.15645000000	-77307.10000000001
11.15650000000	-77307.10000000001
11.15655000000	-77331.50000000000
11.15660000000	-77319.30000000000
11.15665000000	-77337.60000000001
11.15670000000	-77337.60000000001
11.15675000000	-77331.50000000000
11.15680000000	-77325.39999999999
11.15685000000	-77331.50000000000
11.15690000000	-77325.39999999999
11.15695000000	-77325.39999999999
11.15700000000	-77325.39999999999
11.15705000000	-77331.50000000000
11.15710000000	-77313.20000000000
11.15715000000	-77325.39999999999
11.15720000000	-77319.30000000000
11.15725000000	-77331.50000000000
11.15730000000	-77313.20000000000
11.15735000000	-77313.20000000000
11.15740000000	-77313.20000000000
11.15745000000	-77301.00000000000
11.15750000000	-77301.00000000000
11.15755000000	-77276.60000000001
11.15760000000	-77246.10000000001
11.15765000000	-77252.20000000000
11.15770000000	-77233.89999999999
11.15775000000	-77209.50000000000
11.15780000000	-77191.20000000000
11.15785000000	-77166.70000000000
11.15790000000	-77172.80000000000
11.15795000000	-77142.30000000000
11.15800000000	-77142.30000000000
11.15805000000	-77093.50000000000
11.15810000000	-77105.70000000000
11.15815000000	-77075.20000000000
11.15820000000	-77075.20000000000
11.15825000000	-77044.70000000000
11.15830000000	-77044.70000000000
11.15835000000	-77044.70000000000
11.15840000000	-77038.60000000001
11.15845000000	-77044.70000000000
11.15850000000	-77020.30000000000
11.15855000000	-77032.50000000000
11.15860000000	-77008.00000000000
11.15865000000	-77020.30000000000
11.15870000000	-76995.80000000000
11.15875000000	-77020.30000000000
11.15880000000	-77008.00000000000
11.15885000000	-76983.60000000001
11.15890000000	-76977.50000000000
11.15895000000	-76983.60000000001
11.15900000000	-76977.50000000000
11.15905000000	-76977.50000000000
11.15910000000	-76983.60000000001
11.15915000000	-76971.39999999999
11.15920000000	-76983.60000000001
11.15925000000	-76983.60000000001
11.15930000000	-76989.70000000000
11.15935000000	-76983.60000000001
11.15940000000	-76995.80000000000
11.15945000000	-76983.60000000001
11.15950000000	-76983.60000000001
11.15955000000	-76983.60000000001
11.15960000000	-77001.89999999999
11.15965000000	-77008.00000000000
11.15970000000	-76989.70000000000
11.15975000000	-77008.00000000000
11.15980000000	-76995.80000000000
11.15985000000	-77014.20000000000
11.15990000000	-76995.80000000000
11.15995000000	-77008.00000000000
11.16000000000	-77008.00000000000
11.16005000000	-77020.30000000000
11.16010000000	-77020.30000000000
11.16015000000	-77014.20000000000
11.16020000000	-77020.30000000000
11.16025000000	-77032.50000000000
11.16030000000	-77032.50000000000
11.16035000000	-77032.50000000000
11.16040000000	-77020.30000000000
11.16045000000	-77026.39999999999
11.16050000000	-77050.80000000000
11.16055000000	-77038.60000000001
11.16060000000	-77026.39999999999
11.16065000000	-77038.60000000001
11.16070000000	-77044.70000000000
11.16075000000	-77026.39999999999
11.16080000000	-77026.39999999999
11.16085000000	-76995.80000000000
11.16090000000	-77001.89999999999
11.16095000000	-77001.89999999999
11.16100000000	-76983.60000000001
11.16105000000	-76983.60000000001
11.16110000000	-76971.39999999999
11.16115000000	-76971.39999999999
11.16120000000	-76940.89999999999
11.16125000000	-76959.20000000000
11.16130000000	-76934.80000000000
11.16135000000	-76934.80000000000
11.16140000000	-76910.39999999999
11.16145000000	-76922.60000000001
11.16150000000	-76892.10000000001
11.16155000000	-76892.10000000001
11.16160000000	-76879.89999999999
11.16165000000	-76886.00000000000
11.16170000000	-76861.60000000001
11.16175000000	-76849.39999999999
11.16180000000	-76867.70000000000
11.16185000000	-76855.50000000000
11.16190000000	-76849.39999999999
11.16195000000	-76843.30000000000
11.16200000000	-76849.39999999999
11.16205000000	-76843.30000000000
11.16210000000	-76843.30000000000
11.16215000000	-76849.39999999999
11.16220000000	-76849.39999999999
11.16225000000	-76849.39999999999
11.16230000000	-76855.50000000000
11.16235000000	-76861.60000000001
11.16240000000	-76867.70000000000
11.16245000000	-76892.10000000001
11.16250000000	-76892.10000000001
11.16255000000	-76922.60000000001
11.16260000000	-76916.50000000000
11.16265000000	-76965.30000000000
11.16270000000	-76971.39999999999
11.16275000000	-77020.30000000000
11.16280000000	-77044.70000000000
11.16285000000	-77093.50000000000
11.16290000000	-77105.70000000000
11.16295000000	-77130.10000000001
11.16300000000	-77166.70000000000
11.16305000000	-77197.30000000000
11.16310000000	-77221.70000000000
11.16315000000	-77252.20000000000
11.16320000000	-77264.39999999999
11.16325000000	-77270.50000000000
11.16330000000	-77307.10000000001
11.16335000000	-77331.50000000000
11.16340000000	-77337.60000000001
11.16345000000	-77356.00000000000
11.16350000000	-77386.50000000000
11.16355000000	-77386.50000000000
11.16360000000	-77386.50000000000
11.16365000000	-77404.80000000000
11.16370000000	-77429.20000000000
11.16375000000	-77423.10000000001
11.16380000000	-77429.20000000000
11.16385000000	-77435.30000000000
11.16390000000	-77441.39999999999
11.16395000000	-77465.80000000000
11.16400000000	-77459.70000000000
11.16405000000	-77478.00000000000
11.16410000000	-77471.89999999999
11.16415000000	-77490.20000000000
11.16420000000	-77484.10000000001
11.16425000000	-77496.30000000000
11.16430000000	-77496.30000000000
11.16435000000	-77502.39999999999
11.16440000000	-77514.60000000001
11.16445000000	-77496.30000000000
11.16450000000	-77496.30000000000
11.16455000000	-77514.60000000001
11.16460000000	-77514.60000000001
11.16465000000	-77514.60000000001
11.16470000000	-77502.39999999999
11.16475000000	-77539.10000000001
11.16480000000	-77520.70000000000
11.16485000000	-77526.89999999999
11.16490000000	-77533.00000000000
11.16495000000	-77520.70000000000
11.16500000000	-77514.60000000001
11.16505000000	-77533.00000000000
11.16510000000	-77508.50000000000
11.16515000000	-77514.60000000001
11.16520000000	-77520.70000000000
11.16525000000	-77526.89999999999
11.16530000000	-77502.39999999999
11.16535000000	-77508.50000000000
11.16540000000	-77508.50000000000
11.16545000000	-77508.50000000000
11.16550000000	-77496.30000000000
11.16555000000	-77496.30000000000
11.16560000000	-77490.20000000000
11.16565000000	-77484.10000000001
11.16570000000	-77484.10000000001
11.16575000000	-77459.70000000000
11.16580000000	-77453.60000000001
11.16585000000	-77453.60000000001
11.16590000000	-77447.50000000000
11.16595000000	-77441.39999999999
11.16600000000	-77423.10000000001
11.16605000000	-77410.89999999999
11.16610000000	-77398.70000000000
11.16615000000	-77386.50000000000
11.16620000000	-77349.80000000000
11.16625000000	-77349.80000000000
11.16630000000	-77307.10000000001
11.16635000000	-77288.80000000000
11.16640000000	-77240.00000000000
11.16645000000	-77233.89999999999
11.16650000000	-77178.89999999999
11.16655000000	-77160.60000000001
11.16660000000	-77117.89999999999
11.16665000000	-77087.39999999999
11.16670000000	-77069.10000000001
11.16675000000	-77056.89999999999
11.16680000000	-77063.00000000000
11.16685000000	-77069.10000000001
11.16690000000	-77093.50000000000
11.16695000000	-77105.70000000000
11.16700000000	-77172.80000000000
11.16705000000	-77203.39999999999
11.16710000000	-77264.39999999999
11.16715000000	-77307.10000000001
11.16720000000	-77349.80000000000
11.16725000000	-77398.70000000000
11.16730000000	-77429.20000000000
11.16735000000	-77471.89999999999
11.16740000000	-77484.10000000001
11.16745000000	-77533.00000000000
11.16750000000	-77520.70000000000
11.16755000000	-77551.30000000000
11.16760000000	-77551.30000000000
11.16765000000	-77575.70000000000
11.16770000000	-77563.50000000000
11.16775000000	-77569.60000000001
11.16780000000	-77575.70000000000
11.16785000000	-77587.89999999999
11.16790000000	-77587.89999999999
11.16795000000	-77587.89999999999
11.16800000000	-77600.10000000001
11.16805000000	-77594.00000000000
11.16810000000	-77600.10000000001
11.16815000000	-77575.70000000000
