3.43810000000	-77099.60000000001
3.43815000000	-77124.00000000000
3.43820000000	-77130.10000000001
3.43825000000	-77117.89999999999
3.43830000000	-77117.89999999999
3.43835000000	-77124.00000000000
3.43840000000	-77136.20000000000
3.43845000000	-77130.10000000001
3.43850000000	-77148.39999999999
3.43855000000	-77160.60000000001
3.43860000000	-77166.70000000000
3.43865000000	-77185.10000000001
3.43870000000	-77178.89999999999
3.43875000000	-77203.39999999999
3.43880000000	-77233.89999999999
3.43885000000	-77233.89999999999
3.43890000000	-77240.00000000000
3.43895000000	-77258.30000000000
3.43900000000	-77270.50000000000
3.43905000000	-77282.70000000000
3.43910000000	-77276.60000000001
3.43915000000	-77294.89999999999
3.43920000000	-77319.30000000000
3.43925000000	-77325.39999999999
3.43930000000	-77337.60000000001
3.43935000000	-77331.50000000000
3.43940000000	-77356.00000000000
3.43945000000	-77356.00000000000
3.43950000000	-77362.10000000001
3.43955000000	-77349.80000000000
3.43960000000	-77349.80000000000
3.43965000000	-77356.00000000000
3.43970000000	-77337.60000000001
3.43975000000	-77337.60000000001
3.43980000000	-77325.39999999999
3.43985000000	-77337.60000000001
3.43990000000	-77319.30000000000
3.43995000000	-77325.39999999999
3.44000000000	-77313.20000000000
3.44005000000	-77319.30000000000
3.44010000000	-77325.39999999999
3.44015000000	-77331.50000000000
3.44020000000	-77307.10000000001
3.44025000000	-77325.39999999999
3.44030000000	-77331.50000000000
3.44035000000	-77313.20000000000
3.44040000000	-77313.20000000000
3.44045000000	-77301.00000000000
3.44050000000	-77325.39999999999
3.44055000000	-77307.10000000001
3.44060000000	-77313.20000000000
3.44065000000	-77288.80000000000
3.44070000000	-77319.30000000000
3.44075000000	-77301.00000000000
3.44080000000	-77307.10000000001
3.44085000000	-77276.60000000001
3.44090000000	-77288.80000000000
3.44095000000	-77307.10000000001
3.44100000000	-77313.20000000000
3.44105000000	-77294.89999999999
3.44110000000	-77294.89999999999
3.44115000000	-77313.20000000000
3.44120000000	-77301.00000000000
3.44125000000	-77319.30000000000
3.44130000000	-77276.60000000001
3.44135000000	-77301.00000000000
3.44140000000	-77288.80000000000
3.44145000000	-77301.00000000000
3.44150000000	-77276.60000000001
3.44155000000	-77294.89999999999
3.44160000000	-77301.00000000000
3.44165000000	-77313.20000000000
3.44170000000	-77301.00000000000
3.44175000000	-77294.89999999999
3.44180000000	-77319.30000000000
3.44185000000	-77313.20000000000
3.44190000000	-77325.39999999999
3.44195000000	-77325.39999999999
3.44200000000	-77349.80000000000
3.44205000000	-77337.60000000001
3.44210000000	-77362.10000000001
3.44215000000	-77343.70000000000
3.44220000000	-77368.20000000000
3.44225000000	-77356.00000000000
3.44230000000	-77349.80000000000
3.44235000000	-77349.80000000000
3.44240000000	-77356.00000000000
3.44245000000	-77374.30000000000
3.44250000000	-77356.00000000000
3.44255000000	-77356.00000000000
3.44260000000	-77337.60000000001
3.44265000000	-77325.39999999999
3.44270000000	-77325.39999999999
3.44275000000	-77331.50000000000
3.44280000000	-77313.20000000000
3.44285000000	-77337.60000000001
3.44290000000	-77319.30000000000
3.44295000000	-77331.50000000000
3.44300000000	-77313.20000000000
3.44305000000	-77307.10000000001
3.44310000000	-77313.20000000000
3.44315000000	-77301.00000000000
3.44320000000	-77288.80000000000
3.44325000000	-77270.50000000000
3.44330000000	-77307.10000000001
3.44335000000	-77276.60000000001
3.44340000000	-77301.00000000000
3.44345000000	-77252.20000000000
3.44350000000	-77288.80000000000
3.44355000000	-77270.50000000000
3.44360000000	-77258.30000000000
3.44365000000	-77258.30000000000
3.44370000000	-77258.30000000000
3.44375000000	-77258.30000000000
3.44380000000	-77252.20000000000
3.44385000000	-77252.20000000000
3.44390000000	-77233.89999999999
3.44395000000	-77252.20000000000
3.44400000000	-77233.89999999999
3.44405000000	-77252.20000000000
3.44410000000	-77227.80000000000
3.44415000000	-77264.39999999999
3.44420000000	-77221.70000000000
3.44425000000	-77246.10000000001
3.44430000000	-77233.89999999999
3.44435000000	-77240.00000000000
3.44440000000	-77233.89999999999
3.44445000000	-77240.00000000000
3.44450000000	-77246.10000000001
3.44455000000	-77233.89999999999
3.44460000000	-77270.50000000000
3.44465000000	-77264.39999999999
3.44470000000	-77294.89999999999
3.44475000000	-77276.60000000001
3.44480000000	-77337.60000000001
3.44485000000	-77325.39999999999
3.44490000000	-77349.80000000000
3.44495000000	-77362.10000000001
3.44500000000	-77380.39999999999
3.44505000000	-77398.70000000000
3.44510000000	-77423.10000000001
3.44515000000	-77417.00000000000
3.44520000000	-77423.10000000001
3.44525000000	-77459.70000000000
3.44530000000	-77453.60000000001
3.44535000000	-77471.89999999999
3.44540000000	-77435.30000000000
3.44545000000	-77459.70000000000
3.44550000000	-77429.20000000000
3.44555000000	-77453.60000000001
3.44560000000	-77423.10000000001
3.44565000000	-77423.10000000001
3.44570000000	-77392.60000000001
3.44575000000	-77374.30000000000
3.44580000000	-77343.70000000000
3.44585000000	-77343.70000000000
3.44590000000	-77325.39999999999
3.44595000000	-77301.00000000000
3.44600000000	-77282.70000000000
3.44605000000	-77252.20000000000
3.44610000000	-77246.10000000001
3.44615000000	-77233.89999999999
3.44620000000	-77221.70000000000
3.44625000000	-77191.20000000000
3.44630000000	-77215.60000000001
3.44635000000	-77209.50000000000
3.44640000000	-77185.10000000001
3.44645000000	-77172.80000000000
3.44650000000	-77178.89999999999
3.44655000000	-77197.30000000000
3.44660000000	-77191.20000000000
3.44665000000	-77178.89999999999
3.44670000000	-77172.80000000000
3.44675000000	-77178.89999999999
3.44680000000	-77185.10000000001
3.44685000000	-77185.10000000001
3.44690000000	-77172.80000000000
3.44695000000	-77178.89999999999
3.44700000000	-77191.20000000000
3.44705000000	-77166.70000000000
3.44710000000	-77172.80000000000
3.44715000000	-77172.80000000000
3.44720000000	-77172.80000000000
3.44725000000	-77166.70000000000
3.44730000000	-77160.60000000001
3.44735000000	-77154.50000000000
3.44740000000	-77154.50000000000
3.44745000000	-77172.80000000000
3.44750000000	-77136.20000000000
3.44755000000	-77148.39999999999
3.44760000000	-77148.39999999999
3.44765000000	-77154.50000000000
3.44770000000	-77136.20000000000
3.44775000000	-77136.20000000000
3.44780000000	-77148.39999999999
3.44785000000	-77148.39999999999
3.44790000000	-77154.50000000000
3.44795000000	-77154.50000000000
3.44800000000	-77172.80000000000
3.44805000000	-77172.80000000000
3.44810000000	-77185.10000000001
3.44815000000	-77197.30000000000
3.44820000000	-77209.50000000000
3.44825000000	-77221.70000000000
3.44830000000	-77233.89999999999
3.44835000000	-77240.00000000000
3.44840000000	-77252.20000000000
3.44845000000	-77270.50000000000
3.44850000000	-77276.60000000001
3.44855000000	-77264.39999999999
3.44860000000	-77282.70000000000
3.44865000000	-77307.10000000001
3.44870000000	-77319.30000000000
3.44875000000	-77331.50000000000
3.44880000000	-77325.39999999999
3.44885000000	-77337.60000000001
3.44890000000	-77349.80000000000
3.44895000000	-77368.20000000000
3.44900000000	-77349.80000000000
3.44905000000	-77356.00000000000
3.44910000000	-77374.30000000000
3.44915000000	-77380.39999999999
3.44920000000	-77380.39999999999
3.44925000000	-77362.10000000001
3.44930000000	-77374.30000000000
3.44935000000	-77349.80000000000
3.44940000000	-77368.20000000000
3.44945000000	-77331.50000000000
3.44950000000	-77349.80000000000
3.44955000000	-77325.39999999999
3.44960000000	-77343.70000000000
3.44965000000	-77343.70000000000
3.44970000000	-77337.60000000001
3.44975000000	-77337.60000000001
3.44980000000	-77356.00000000000
3.44985000000	-77343.70000000000
3.44990000000	-77343.70000000000
3.44995000000	-77368.20000000000
3.45000000000	-77349.80000000000
3.45005000000	-77356.00000000000
3.45010000000	-77313.20000000000
3.45015000000	-77325.39999999999
3.45020000000	-77307.10000000001
3.45025000000	-77307.10000000001
3.45030000000	-77270.50000000000
3.45035000000	-77270.50000000000
3.45040000000	-77233.89999999999
3.45045000000	-77221.70000000000
3.45050000000	-77197.30000000000
3.45055000000	-77185.10000000001
3.45060000000	-77178.89999999999
3.45065000000	-77154.50000000000
3.45070000000	-77142.30000000000
3.45075000000	-77111.80000000000
3.45080000000	-77105.70000000000
3.45085000000	-77105.70000000000
3.45090000000	-77099.60000000001
3.45095000000	-77075.20000000000
3.45100000000	-77105.70000000000
3.45105000000	-77075.20000000000
3.45110000000	-77081.30000000000
3.45115000000	-77063.00000000000
3.45120000000	-77075.20000000000
3.45125000000	-77075.20000000000
3.45130000000	-77063.00000000000
3.45135000000	-77056.89999999999
3.45140000000	-77050.80000000000
3.45145000000	-77044.70000000000
3.45150000000	-77056.89999999999
3.45155000000	-77050.80000000000
3.45160000000	-77032.50000000000
3.45165000000	-77038.60000000001
3.45170000000	-77026.39999999999
3.45175000000	-77044.70000000000
3.45180000000	-77014.20000000000
3.45185000000	-77008.00000000000
3.45190000000	-77008.00000000000
3.45195000000	-77008.00000000000
3.45200000000	-77008.00000000000
3.45205000000	-77001.89999999999
3.45210000000	-77001.89999999999
3.45215000000	-76995.80000000000
3.45220000000	-77020.30000000000
3.45225000000	-77014.20000000000
3.45230000000	-77032.50000000000
3.45235000000	-77032.50000000000
3.45240000000	-77038.60000000001
3.45245000000	-77032.50000000000
3.45250000000	-77044.70000000000
3.45255000000	-77050.80000000000
3.45260000000	-77063.00000000000
3.45265000000	-77056.89999999999
3.45270000000	-77056.89999999999
3.45275000000	-77069.10000000001
3.45280000000	-77069.10000000001
3.45285000000	-77075.20000000000
3.45290000000	-77056.89999999999
3.45295000000	-77075.20000000000
3.45300000000	-77069.10000000001
3.45305000000	-77099.60000000001
3.45310000000	-77069.10000000001
3.45315000000	-77081.30000000000
3.45320000000	-77081.30000000000
3.45325000000	-77087.39999999999
3.45330000000	-77087.39999999999
3.45335000000	-77075.20000000000
3.45340000000	-77087.39999999999
3.45345000000	-77093.50000000000
3.45350000000	-77075.20000000000
3.45355000000	-77056.89999999999
3.45360000000	-77044.70000000000
3.45365000000	-77044.70000000000
3.45370000000	-77050.80000000000
3.45375000000	-77032.50000000000
3.45380000000	-77026.39999999999
3.45385000000	-77020.30000000000
3.45390000000	-77020.30000000000
3.45395000000	-77008.00000000000
3.45400000000	-76995.80000000000
3.45405000000	-77001.89999999999
3.45410000000	-76977.50000000000
3.45415000000	-76977.50000000000
3.45420000000	-76940.89999999999
3.45425000000	-76959.20000000000
3.45430000000	-76959.20000000000
3.45435000000	-76928.70000000000
3.45440000000	-76910.39999999999
3.45445000000	-76910.39999999999
3.45450000000	-76904.30000000000
3.45455000000	-76904.30000000000
3.45460000000	-76879.89999999999
3.45465000000	-76898.20000000000
3.45470000000	-76886.00000000000
3.45475000000	-76879.89999999999
3.45480000000	-76873.80000000000
3.45485000000	-76879.89999999999
3.45490000000	-76873.80000000000
3.45495000000	-76892.10000000001
3.45500000000	-76892.10000000001
3.45505000000	-76886.00000000000
3.45510000000	-76904.30000000000
3.45515000000	-76898.20000000000
3.45520000000	-76910.39999999999
3.45525000000	-76904.30000000000
3.45530000000	-76916.50000000000
3.45535000000	-76940.89999999999
3.45540000000	-76953.10000000001
3.45545000000	-76965.30000000000
3.45550000000	-76977.50000000000
3.45555000000	-77014.20000000000
3.45560000000	-77044.70000000000
3.45565000000	-77069.10000000001
3.45570000000	-77081.30000000000
3.45575000000	-77117.89999999999
3.45580000000	-77148.39999999999
3.45585000000	-77197.30000000000
3.45590000000	-77209.50000000000
3.45595000000	-77246.10000000001
3.45600000000	-77288.80000000000
3.45605000000	-77294.89999999999
3.45610000000	-77307.10000000001
3.45615000000	-77331.50000000000
3.45620000000	-77349.80000000000
3.45625000000	-77368.20000000000
3.45630000000	-77380.39999999999
3.45635000000	-77386.50000000000
3.45640000000	-77410.89999999999
3.45645000000	-77417.00000000000
3.45650000000	-77423.10000000001
3.45655000000	-77441.39999999999
3.45660000000	-77453.60000000001
3.45665000000	-77459.70000000000
3.45670000000	-77471.89999999999
3.45675000000	-77496.30000000000
3.45680000000	-77490.20000000000
3.45685000000	-77502.39999999999
3.45690000000	-77520.70000000000
3.45695000000	-77520.70000000000
3.45700000000	-77520.70000000000
3.45705000000	-77533.00000000000
3.45710000000	-77533.00000000000
3.45715000000	-77526.89999999999
3.45720000000	-77539.10000000001
3.45725000000	-77539.10000000001
3.45730000000	-77557.39999999999
3.45735000000	-77551.30000000000
3.45740000000	-77545.20000000000
3.45745000000	-77539.10000000001
3.45750000000	-77557.39999999999
3.45755000000	-77563.50000000000
3.45760000000	-77557.39999999999
3.45765000000	-77557.39999999999
3.45770000000	-77551.30000000000
3.45775000000	-77563.50000000000
3.45780000000	-77539.10000000001
3.45785000000	-77557.39999999999
3.45790000000	-77557.39999999999
3.45795000000	-77575.70000000000
3.45800000000	-77551.30000000000
3.45805000000	-77551.30000000000
3.45810000000	-77545.20000000000
3.45815000000	-77551.30000000000
3.45820000000	-77551.30000000000
3.45825000000	-77557.39999999999
3.45830000000	-77551.30000000000
3.45835000000	-77557.39999999999
3.45840000000	-77545.20000000000
3.45845000000	-77539.10000000001
3.45850000000	-77533.00000000000
3.45855000000	-77533.00000000000
3.45860000000	-77533.00000000000
3.45865000000	-77514.60000000001
3.45870000000	-77502.39999999999
3.45875000000	-77508.50000000000
3.45880000000	-77490.20000000000
3.45885000000	-77478.00000000000
3.45890000000	-77465.80000000000
3.45895000000	-77453.60000000001
3.45900000000	-77441.39999999999
3.45905000000	-77435.30000000000
3.45910000000	-77398.70000000000
3.45915000000	-77386.50000000000
3.45920000000	-77362.10000000001
3.45925000000	-77343.70000000000
3.45930000000	-77294.89999999999
3.45935000000	-77288.80000000000
3.45940000000	-77246.10000000001
3.45945000000	-77209.50000000000
3.45950000000	-77166.70000000000
3.45955000000	-77136.20000000000
3.45960000000	-77117.89999999999
3.45965000000	-77099.60000000001
3.45970000000	-77099.60000000001
