4.26710000000	-77069.10000000001
4.26715000000	-77093.50000000000
4.26720000000	-77087.39999999999
4.26725000000	-77111.80000000000
4.26730000000	-77087.39999999999
4.26735000000	-77117.89999999999
4.26740000000	-77111.80000000000
4.26745000000	-77136.20000000000
4.26750000000	-77111.80000000000
4.26755000000	-77136.20000000000
4.26760000000	-77154.50000000000
4.26765000000	-77154.50000000000
4.26770000000	-77166.70000000000
4.26775000000	-77178.89999999999
4.26780000000	-77203.39999999999
4.26785000000	-77209.50000000000
4.26790000000	-77227.80000000000
4.26795000000	-77215.60000000001
4.26800000000	-77252.20000000000
4.26805000000	-77233.89999999999
4.26810000000	-77270.50000000000
4.26815000000	-77227.80000000000
4.26820000000	-77264.39999999999
4.26825000000	-77270.50000000000
4.26830000000	-77288.80000000000
4.26835000000	-77282.70000000000
4.26840000000	-77294.89999999999
4.26845000000	-77319.30000000000
4.26850000000	-77307.10000000001
4.26855000000	-77307.10000000001
4.26860000000	-77282.70000000000
4.26865000000	-77319.30000000000
4.26870000000	-77294.89999999999
4.26875000000	-77301.00000000000
4.26880000000	-77276.60000000001
4.26885000000	-77288.80000000000
4.26890000000	-77288.80000000000
4.26895000000	-77294.89999999999
4.26900000000	-77282.70000000000
4.26905000000	-77288.80000000000
4.26910000000	-77294.89999999999
4.26915000000	-77294.89999999999
4.26920000000	-77294.89999999999
4.26925000000	-77282.70000000000
4.26930000000	-77301.00000000000
4.26935000000	-77282.70000000000
4.26940000000	-77294.89999999999
4.26945000000	-77276.60000000001
4.26950000000	-77301.00000000000
4.26955000000	-77288.80000000000
4.26960000000	-77301.00000000000
4.26965000000	-77282.70000000000
4.26970000000	-77276.60000000001
4.26975000000	-77294.89999999999
4.26980000000	-77294.89999999999
4.26985000000	-77276.60000000001
4.26990000000	-77282.70000000000
4.26995000000	-77301.00000000000
4.27000000000	-77282.70000000000
4.27005000000	-77288.80000000000
4.27010000000	-77264.39999999999
4.27015000000	-77288.80000000000
4.27020000000	-77276.60000000001
4.27025000000	-77276.60000000001
4.27030000000	-77270.50000000000
4.27035000000	-77294.89999999999
4.27040000000	-77282.70000000000
4.27045000000	-77294.89999999999
4.27050000000	-77288.80000000000
4.27055000000	-77294.89999999999
4.27060000000	-77337.60000000001
4.27065000000	-77319.30000000000
4.27070000000	-77331.50000000000
4.27075000000	-77319.30000000000
4.27080000000	-77343.70000000000
4.27085000000	-77337.60000000001
4.27090000000	-77331.50000000000
4.27095000000	-77319.30000000000
4.27100000000	-77337.60000000001
4.27105000000	-77343.70000000000
4.27110000000	-77331.50000000000
4.27115000000	-77325.39999999999
4.27120000000	-77319.30000000000
4.27125000000	-77331.50000000000
4.27130000000	-77325.39999999999
4.27135000000	-77319.30000000000
4.27140000000	-77307.10000000001
4.27145000000	-77325.39999999999
4.27150000000	-77325.39999999999
4.27155000000	-77331.50000000000
4.27160000000	-77313.20000000000
4.27165000000	-77319.30000000000
4.27170000000	-77313.20000000000
4.27175000000	-77307.10000000001
4.27180000000	-77301.00000000000
4.27185000000	-77307.10000000001
4.27190000000	-77294.89999999999
4.27195000000	-77301.00000000000
4.27200000000	-77276.60000000001
4.27205000000	-77288.80000000000
4.27210000000	-77276.60000000001
4.27215000000	-77270.50000000000
4.27220000000	-77270.50000000000
4.27225000000	-77264.39999999999
4.27230000000	-77258.30000000000
4.27235000000	-77270.50000000000
4.27240000000	-77264.39999999999
4.27245000000	-77252.20000000000
4.27250000000	-77264.39999999999
4.27255000000	-77276.60000000001
4.27260000000	-77270.50000000000
4.27265000000	-77252.20000000000
4.27270000000	-77240.00000000000
4.27275000000	-77258.30000000000
4.27280000000	-77258.30000000000
4.27285000000	-77227.80000000000
4.27290000000	-77240.00000000000
4.27295000000	-77252.20000000000
4.27300000000	-77264.39999999999
4.27305000000	-77233.89999999999
4.27310000000	-77233.89999999999
4.27315000000	-77233.89999999999
4.27320000000	-77264.39999999999
4.27325000000	-77264.39999999999
4.27330000000	-77270.50000000000
4.27335000000	-77270.50000000000
4.27340000000	-77288.80000000000
4.27345000000	-77307.10000000001
4.27350000000	-77319.30000000000
4.27355000000	-77356.00000000000
4.27360000000	-77343.70000000000
4.27365000000	-77386.50000000000
4.27370000000	-77380.39999999999
4.27375000000	-77398.70000000000
4.27380000000	-77398.70000000000
4.27385000000	-77423.10000000001
4.27390000000	-77423.10000000001
4.27395000000	-77429.20000000000
4.27400000000	-77441.39999999999
4.27405000000	-77435.30000000000
4.27410000000	-77429.20000000000
4.27415000000	-77410.89999999999
4.27420000000	-77404.80000000000
4.27425000000	-77386.50000000000
4.27430000000	-77380.39999999999
4.27435000000	-77356.00000000000
4.27440000000	-77356.00000000000
4.27445000000	-77331.50000000000
4.27450000000	-77319.30000000000
4.27455000000	-77294.89999999999
4.27460000000	-77282.70000000000
4.27465000000	-77264.39999999999
4.27470000000	-77252.20000000000
4.27475000000	-77252.20000000000
4.27480000000	-77215.60000000001
4.27485000000	-77221.70000000000
4.27490000000	-77203.39999999999
4.27495000000	-77233.89999999999
4.27500000000	-77203.39999999999
4.27505000000	-77203.39999999999
4.27510000000	-77197.30000000000
4.27515000000	-77209.50000000000
4.27520000000	-77197.30000000000
4.27525000000	-77197.30000000000
4.27530000000	-77203.39999999999
4.27535000000	-77197.30000000000
4.27540000000	-77203.39999999999
4.27545000000	-77185.10000000001
4.27550000000	-77203.39999999999
4.27555000000	-77197.30000000000
4.27560000000	-77209.50000000000
4.27565000000	-77178.89999999999
4.27570000000	-77191.20000000000
4.27575000000	-77178.89999999999
4.27580000000	-77185.10000000001
4.27585000000	-77172.80000000000
4.27590000000	-77172.80000000000
4.27595000000	-77166.70000000000
4.27600000000	-77185.10000000001
4.27605000000	-77178.89999999999
4.27610000000	-77160.60000000001
4.27615000000	-77166.70000000000
4.27620000000	-77154.50000000000
4.27625000000	-77166.70000000000
4.27630000000	-77148.39999999999
4.27635000000	-77166.70000000000
4.27640000000	-77154.50000000000
4.27645000000	-77185.10000000001
4.27650000000	-77172.80000000000
4.27655000000	-77185.10000000001
4.27660000000	-77197.30000000000
4.27665000000	-77185.10000000001
4.27670000000	-77197.30000000000
4.27675000000	-77197.30000000000
4.27680000000	-77215.60000000001
4.27685000000	-77227.80000000000
4.27690000000	-77240.00000000000
4.27695000000	-77221.70000000000
4.27700000000	-77270.50000000000
4.27705000000	-77258.30000000000
4.27710000000	-77288.80000000000
4.27715000000	-77264.39999999999
4.27720000000	-77301.00000000000
4.27725000000	-77301.00000000000
4.27730000000	-77325.39999999999
4.27735000000	-77319.30000000000
4.27740000000	-77337.60000000001
4.27745000000	-77337.60000000001
4.27750000000	-77349.80000000000
4.27755000000	-77368.20000000000
4.27760000000	-77356.00000000000
4.27765000000	-77368.20000000000
4.27770000000	-77362.10000000001
4.27775000000	-77380.39999999999
4.27780000000	-77356.00000000000
4.27785000000	-77386.50000000000
4.27790000000	-77368.20000000000
4.27795000000	-77374.30000000000
4.27800000000	-77343.70000000000
4.27805000000	-77356.00000000000
4.27810000000	-77362.10000000001
4.27815000000	-77362.10000000001
4.27820000000	-77356.00000000000
4.27825000000	-77331.50000000000
4.27830000000	-77356.00000000000
4.27835000000	-77343.70000000000
4.27840000000	-77368.20000000000
4.27845000000	-77356.00000000000
4.27850000000	-77356.00000000000
4.27855000000	-77337.60000000001
4.27860000000	-77368.20000000000
4.27865000000	-77337.60000000001
4.27870000000	-77331.50000000000
4.27875000000	-77319.30000000000
4.27880000000	-77301.00000000000
4.27885000000	-77288.80000000000
4.27890000000	-77258.30000000000
4.27895000000	-77246.10000000001
4.27900000000	-77221.70000000000
4.27905000000	-77203.39999999999
4.27910000000	-77185.10000000001
4.27915000000	-77178.89999999999
4.27920000000	-77142.30000000000
4.27925000000	-77160.60000000001
4.27930000000	-77130.10000000001
4.27935000000	-77130.10000000001
4.27940000000	-77124.00000000000
4.27945000000	-77117.89999999999
4.27950000000	-77099.60000000001
4.27955000000	-77093.50000000000
4.27960000000	-77087.39999999999
4.27965000000	-77099.60000000001
4.27970000000	-77087.39999999999
4.27975000000	-77075.20000000000
4.27980000000	-77081.30000000000
4.27985000000	-77081.30000000000
4.27990000000	-77093.50000000000
4.27995000000	-77056.89999999999
4.28000000000	-77050.80000000000
4.28005000000	-77063.00000000000
4.28010000000	-77056.89999999999
4.28015000000	-77044.70000000000
4.28020000000	-77044.70000000000
4.28025000000	-77056.89999999999
4.28030000000	-77038.60000000001
4.28035000000	-77044.70000000000
4.28040000000	-77026.39999999999
4.28045000000	-77044.70000000000
4.28050000000	-77044.70000000000
4.28055000000	-77038.60000000001
4.28060000000	-77044.70000000000
4.28065000000	-77038.60000000001
4.28070000000	-77063.00000000000
4.28075000000	-77050.80000000000
4.28080000000	-77056.89999999999
4.28085000000	-77044.70000000000
4.28090000000	-77063.00000000000
4.28095000000	-77069.10000000001
4.28100000000	-77069.10000000001
4.28105000000	-77063.00000000000
4.28110000000	-77081.30000000000
4.28115000000	-77087.39999999999
4.28120000000	-77081.30000000000
4.28125000000	-77093.50000000000
4.28130000000	-77099.60000000001
4.28135000000	-77105.70000000000
4.28140000000	-77093.50000000000
4.28145000000	-77093.50000000000
4.28150000000	-77093.50000000000
4.28155000000	-77099.60000000001
4.28160000000	-77111.80000000000
4.28165000000	-77087.39999999999
4.28170000000	-77093.50000000000
4.28175000000	-77081.30000000000
4.28180000000	-77105.70000000000
4.28185000000	-77069.10000000001
4.28190000000	-77087.39999999999
4.28195000000	-77063.00000000000
4.28200000000	-77069.10000000001
4.28205000000	-77056.89999999999
4.28210000000	-77050.80000000000
4.28215000000	-77044.70000000000
4.28220000000	-77038.60000000001
4.28225000000	-77038.60000000001
4.28230000000	-77014.20000000000
4.28235000000	-76995.80000000000
4.28240000000	-76995.80000000000
4.28245000000	-76995.80000000000
4.28250000000	-76965.30000000000
4.28255000000	-76953.10000000001
4.28260000000	-76934.80000000000
4.28265000000	-76959.20000000000
4.28270000000	-76928.70000000000
4.28275000000	-76928.70000000000
4.28280000000	-76910.39999999999
4.28285000000	-76916.50000000000
4.28290000000	-76910.39999999999
4.28295000000	-76898.20000000000
4.28300000000	-76904.30000000000
4.28305000000	-76910.39999999999
4.28310000000	-76928.70000000000
4.28315000000	-76892.10000000001
4.28320000000	-76910.39999999999
4.28325000000	-76904.30000000000
4.28330000000	-76928.70000000000
4.28335000000	-76898.20000000000
4.28340000000	-76928.70000000000
4.28345000000	-76922.60000000001
4.28350000000	-76953.10000000001
4.28355000000	-76953.10000000001
4.28360000000	-76977.50000000000
4.28365000000	-76983.60000000001
4.28370000000	-77001.89999999999
4.28375000000	-77014.20000000000
4.28380000000	-77032.50000000000
4.28385000000	-77063.00000000000
4.28390000000	-77075.20000000000
4.28395000000	-77124.00000000000
4.28400000000	-77117.89999999999
4.28405000000	-77166.70000000000
4.28410000000	-77191.20000000000
4.28415000000	-77233.89999999999
4.28420000000	-77252.20000000000
4.28425000000	-77282.70000000000
4.28430000000	-77294.89999999999
4.28435000000	-77331.50000000000
4.28440000000	-77362.10000000001
4.28445000000	-77368.20000000000
4.28450000000	-77392.60000000001
4.28455000000	-77392.60000000001
4.28460000000	-77429.20000000000
4.28465000000	-77417.00000000000
4.28470000000	-77447.50000000000
4.28475000000	-77453.60000000001
4.28480000000	-77496.30000000000
4.28485000000	-77471.89999999999
4.28490000000	-77484.10000000001
4.28495000000	-77484.10000000001
4.28500000000	-77508.50000000000
4.28505000000	-77514.60000000001
4.28510000000	-77514.60000000001
4.28515000000	-77520.70000000000
4.28520000000	-77502.39999999999
4.28525000000	-77545.20000000000
4.28530000000	-77508.50000000000
4.28535000000	-77545.20000000000
4.28540000000	-77520.70000000000
4.28545000000	-77551.30000000000
4.28550000000	-77539.10000000001
4.28555000000	-77551.30000000000
4.28560000000	-77551.30000000000
4.28565000000	-77563.50000000000
4.28570000000	-77545.20000000000
4.28575000000	-77545.20000000000
4.28580000000	-77563.50000000000
4.28585000000	-77557.39999999999
4.28590000000	-77563.50000000000
4.28595000000	-77545.20000000000
4.28600000000	-77557.39999999999
4.28605000000	-77551.30000000000
4.28610000000	-77563.50000000000
4.28615000000	-77545.20000000000
4.28620000000	-77557.39999999999
4.28625000000	-77533.00000000000
4.28630000000	-77575.70000000000
4.28635000000	-77551.30000000000
4.28640000000	-77533.00000000000
4.28645000000	-77539.10000000001
4.28650000000	-77533.00000000000
4.28655000000	-77539.10000000001
4.28660000000	-77520.70000000000
4.28665000000	-77533.00000000000
4.28670000000	-77508.50000000000
4.28675000000	-77508.50000000000
4.28680000000	-77484.10000000001
4.28685000000	-77471.89999999999
4.28690000000	-77453.60000000001
4.28695000000	-77453.60000000001
4.28700000000	-77435.30000000000
4.28705000000	-77398.70000000000
4.28710000000	-77362.10000000001
4.28715000000	-77343.70000000000
4.28720000000	-77307.10000000001
4.28725000000	-77270.50000000000
4.28730000000	-77233.89999999999
4.28735000000	-77178.89999999999
4.28740000000	-77191.20000000000
4.28745000000	-77142.30000000000
4.28750000000	-77136.20000000000
