19.94530000000	-76989.70000000000
19.94535000000	-77001.89999999999
19.94540000000	-77008.00000000000
19.94545000000	-77032.50000000000
19.94550000000	-77026.39999999999
19.94555000000	-77032.50000000000
19.94560000000	-77014.20000000000
19.94565000000	-77063.00000000000
19.94570000000	-77032.50000000000
19.94575000000	-77063.00000000000
19.94580000000	-77050.80000000000
19.94585000000	-77069.10000000001
19.94590000000	-77075.20000000000
19.94595000000	-77075.20000000000
19.94600000000	-77087.39999999999
19.94605000000	-77087.39999999999
19.94610000000	-77117.89999999999
19.94615000000	-77111.80000000000
19.94620000000	-77124.00000000000
19.94625000000	-77136.20000000000
19.94630000000	-77160.60000000001
19.94635000000	-77154.50000000000
19.94640000000	-77166.70000000000
19.94645000000	-77154.50000000000
19.94650000000	-77191.20000000000
19.94655000000	-77191.20000000000
19.94660000000	-77191.20000000000
19.94665000000	-77197.30000000000
19.94670000000	-77215.60000000001
19.94675000000	-77221.70000000000
19.94680000000	-77197.30000000000
19.94685000000	-77215.60000000001
19.94690000000	-77203.39999999999
19.94695000000	-77233.89999999999
19.94700000000	-77209.50000000000
19.94705000000	-77221.70000000000
19.94710000000	-77221.70000000000
19.94715000000	-77233.89999999999
19.94720000000	-77227.80000000000
19.94725000000	-77221.70000000000
19.94730000000	-77233.89999999999
19.94735000000	-77233.89999999999
19.94740000000	-77246.10000000001
19.94745000000	-77246.10000000001
19.94750000000	-77258.30000000000
19.94755000000	-77240.00000000000
19.94760000000	-77270.50000000000
19.94765000000	-77252.20000000000
19.94770000000	-77270.50000000000
19.94775000000	-77258.30000000000
19.94780000000	-77270.50000000000
19.94785000000	-77270.50000000000
19.94790000000	-77264.39999999999
19.94795000000	-77258.30000000000
19.94800000000	-77252.20000000000
19.94805000000	-77258.30000000000
19.94810000000	-77233.89999999999
19.94815000000	-77240.00000000000
19.94820000000	-77221.70000000000
19.94825000000	-77233.89999999999
19.94830000000	-77215.60000000001
19.94835000000	-77221.70000000000
19.94840000000	-77203.39999999999
19.94845000000	-77209.50000000000
19.94850000000	-77191.20000000000
19.94855000000	-77203.39999999999
19.94860000000	-77203.39999999999
19.94865000000	-77215.60000000001
19.94870000000	-77203.39999999999
19.94875000000	-77209.50000000000
19.94880000000	-77221.70000000000
19.94885000000	-77233.89999999999
19.94890000000	-77240.00000000000
19.94895000000	-77252.20000000000
19.94900000000	-77252.20000000000
19.94905000000	-77258.30000000000
19.94910000000	-77276.60000000001
19.94915000000	-77288.80000000000
19.94920000000	-77294.89999999999
19.94925000000	-77288.80000000000
19.94930000000	-77307.10000000001
19.94935000000	-77294.89999999999
19.94940000000	-77288.80000000000
19.94945000000	-77282.70000000000
19.94950000000	-77276.60000000001
19.94955000000	-77301.00000000000
19.94960000000	-77282.70000000000
19.94965000000	-77276.60000000001
19.94970000000	-77264.39999999999
19.94975000000	-77276.60000000001
19.94980000000	-77258.30000000000
19.94985000000	-77258.30000000000
19.94990000000	-77264.39999999999
19.94995000000	-77258.30000000000
19.95000000000	-77252.20000000000
19.95005000000	-77246.10000000001
19.95010000000	-77252.20000000000
19.95015000000	-77240.00000000000
19.95020000000	-77246.10000000001
19.95025000000	-77252.20000000000
19.95030000000	-77240.00000000000
19.95035000000	-77227.80000000000
19.95040000000	-77252.20000000000
19.95045000000	-77233.89999999999
19.95050000000	-77227.80000000000
19.95055000000	-77221.70000000000
19.95060000000	-77215.60000000001
19.95065000000	-77215.60000000001
19.95070000000	-77209.50000000000
19.95075000000	-77197.30000000000
19.95080000000	-77197.30000000000
19.95085000000	-77197.30000000000
19.95090000000	-77178.89999999999
19.95095000000	-77197.30000000000
19.95100000000	-77191.20000000000
19.95105000000	-77172.80000000000
19.95110000000	-77185.10000000001
19.95115000000	-77185.10000000001
19.95120000000	-77185.10000000001
19.95125000000	-77185.10000000001
19.95130000000	-77185.10000000001
19.95135000000	-77166.70000000000
19.95140000000	-77172.80000000000
19.95145000000	-77191.20000000000
19.95150000000	-77178.89999999999
19.95155000000	-77178.89999999999
19.95160000000	-77178.89999999999
19.95165000000	-77191.20000000000
19.95170000000	-77178.89999999999
19.95175000000	-77191.20000000000
19.95180000000	-77172.80000000000
19.95185000000	-77191.20000000000
19.95190000000	-77197.30000000000
19.95195000000	-77215.60000000001
19.95200000000	-77209.50000000000
19.95205000000	-77240.00000000000
19.95210000000	-77252.20000000000
19.95215000000	-77258.30000000000
19.95220000000	-77276.60000000001
19.95225000000	-77288.80000000000
19.95230000000	-77307.10000000001
19.95235000000	-77343.70000000000
19.95240000000	-77349.80000000000
19.95245000000	-77356.00000000000
19.95250000000	-77362.10000000001
19.95255000000	-77356.00000000000
19.95260000000	-77362.10000000001
19.95265000000	-77337.60000000001
19.95270000000	-77356.00000000000
19.95275000000	-77337.60000000001
19.95280000000	-77331.50000000000
19.95285000000	-77313.20000000000
19.95290000000	-77294.89999999999
19.95295000000	-77282.70000000000
19.95300000000	-77258.30000000000
19.95305000000	-77240.00000000000
19.95310000000	-77233.89999999999
19.95315000000	-77233.89999999999
19.95320000000	-77197.30000000000
19.95325000000	-77203.39999999999
19.95330000000	-77172.80000000000
19.95335000000	-77160.60000000001
19.95340000000	-77142.30000000000
19.95345000000	-77142.30000000000
19.95350000000	-77130.10000000001
19.95355000000	-77130.10000000001
19.95360000000	-77148.39999999999
19.95365000000	-77136.20000000000
19.95370000000	-77130.10000000001
19.95375000000	-77124.00000000000
19.95380000000	-77136.20000000000
19.95385000000	-77124.00000000000
19.95390000000	-77111.80000000000
19.95395000000	-77117.89999999999
19.95400000000	-77124.00000000000
19.95405000000	-77117.89999999999
19.95410000000	-77117.89999999999
19.95415000000	-77124.00000000000
19.95420000000	-77117.89999999999
19.95425000000	-77136.20000000000
19.95430000000	-77111.80000000000
19.95435000000	-77117.89999999999
19.95440000000	-77099.60000000001
19.95445000000	-77105.70000000000
19.95450000000	-77105.70000000000
19.95455000000	-77111.80000000000
19.95460000000	-77081.30000000000
19.95465000000	-77093.50000000000
19.95470000000	-77093.50000000000
19.95475000000	-77099.60000000001
19.95480000000	-77081.30000000000
19.95485000000	-77087.39999999999
19.95490000000	-77093.50000000000
19.95495000000	-77081.30000000000
19.95500000000	-77087.39999999999
19.95505000000	-77075.20000000000
19.95510000000	-77087.39999999999
19.95515000000	-77093.50000000000
19.95520000000	-77093.50000000000
19.95525000000	-77081.30000000000
19.95530000000	-77093.50000000000
19.95535000000	-77117.89999999999
19.95540000000	-77117.89999999999
19.95545000000	-77124.00000000000
19.95550000000	-77142.30000000000
19.95555000000	-77148.39999999999
19.95560000000	-77166.70000000000
19.95565000000	-77166.70000000000
19.95570000000	-77191.20000000000
19.95575000000	-77209.50000000000
19.95580000000	-77227.80000000000
19.95585000000	-77246.10000000001
19.95590000000	-77233.89999999999
19.95595000000	-77270.50000000000
19.95600000000	-77264.39999999999
19.95605000000	-77294.89999999999
19.95610000000	-77252.20000000000
19.95615000000	-77288.80000000000
19.95620000000	-77282.70000000000
19.95625000000	-77294.89999999999
19.95630000000	-77294.89999999999
19.95635000000	-77301.00000000000
19.95640000000	-77307.10000000001
19.95645000000	-77282.70000000000
19.95650000000	-77294.89999999999
19.95655000000	-77276.60000000001
19.95660000000	-77294.89999999999
19.95665000000	-77288.80000000000
19.95670000000	-77288.80000000000
19.95675000000	-77264.39999999999
19.95680000000	-77276.60000000001
19.95685000000	-77282.70000000000
19.95690000000	-77282.70000000000
19.95695000000	-77264.39999999999
19.95700000000	-77264.39999999999
19.95705000000	-77270.50000000000
19.95710000000	-77270.50000000000
19.95715000000	-77270.50000000000
19.95720000000	-77258.30000000000
19.95725000000	-77258.30000000000
19.95730000000	-77233.89999999999
19.95735000000	-77221.70000000000
19.95740000000	-77215.60000000001
19.95745000000	-77191.20000000000
19.95750000000	-77178.89999999999
19.95755000000	-77160.60000000001
19.95760000000	-77148.39999999999
19.95765000000	-77111.80000000000
19.95770000000	-77105.70000000000
19.95775000000	-77093.50000000000
19.95780000000	-77075.20000000000
19.95785000000	-77063.00000000000
19.95790000000	-77069.10000000001
19.95795000000	-77050.80000000000
19.95800000000	-77044.70000000000
19.95805000000	-77008.00000000000
19.95810000000	-77032.50000000000
19.95815000000	-77026.39999999999
19.95820000000	-77008.00000000000
19.95825000000	-77008.00000000000
19.95830000000	-76995.80000000000
19.95835000000	-76983.60000000001
19.95840000000	-76977.50000000000
19.95845000000	-76965.30000000000
19.95850000000	-76959.20000000000
19.95855000000	-76953.10000000001
19.95860000000	-76971.39999999999
19.95865000000	-76947.00000000000
19.95870000000	-76953.10000000001
19.95875000000	-76953.10000000001
19.95880000000	-76959.20000000000
19.95885000000	-76953.10000000001
19.95890000000	-76940.89999999999
19.95895000000	-76965.30000000000
19.95900000000	-76971.39999999999
19.95905000000	-76959.20000000000
19.95910000000	-76953.10000000001
19.95915000000	-76977.50000000000
19.95920000000	-76971.39999999999
19.95925000000	-76977.50000000000
19.95930000000	-76959.20000000000
19.95935000000	-76965.30000000000
19.95940000000	-76983.60000000001
19.95945000000	-76995.80000000000
19.95950000000	-76995.80000000000
19.95955000000	-77001.89999999999
19.95960000000	-77001.89999999999
19.95965000000	-77001.89999999999
19.95970000000	-77008.00000000000
19.95975000000	-76995.80000000000
19.95980000000	-77001.89999999999
19.95985000000	-77026.39999999999
19.95990000000	-77008.00000000000
19.95995000000	-77008.00000000000
19.96000000000	-77008.00000000000
19.96005000000	-77020.30000000000
19.96010000000	-77014.20000000000
19.96015000000	-77008.00000000000
19.96020000000	-76989.70000000000
19.96025000000	-77001.89999999999
19.96030000000	-77020.30000000000
19.96035000000	-76995.80000000000
19.96040000000	-77014.20000000000
19.96045000000	-77008.00000000000
19.96050000000	-76995.80000000000
19.96055000000	-76983.60000000001
19.96060000000	-76983.60000000001
19.96065000000	-76977.50000000000
19.96070000000	-76977.50000000000
19.96075000000	-76983.60000000001
19.96080000000	-76953.10000000001
19.96085000000	-76959.20000000000
19.96090000000	-76940.89999999999
19.96095000000	-76953.10000000001
19.96100000000	-76934.80000000000
19.96105000000	-76904.30000000000
19.96110000000	-76898.20000000000
19.96115000000	-76904.30000000000
19.96120000000	-76873.80000000000
19.96125000000	-76861.60000000001
19.96130000000	-76843.30000000000
19.96135000000	-76831.00000000000
19.96140000000	-76837.10000000001
19.96145000000	-76812.70000000000
19.96150000000	-76812.70000000000
19.96155000000	-76806.60000000001
19.96160000000	-76818.80000000000
19.96165000000	-76782.20000000000
19.96170000000	-76800.50000000000
19.96175000000	-76800.50000000000
19.96180000000	-76812.70000000000
19.96185000000	-76800.50000000000
19.96190000000	-76812.70000000000
19.96195000000	-76806.60000000001
19.96200000000	-76831.00000000000
19.96205000000	-76824.89999999999
19.96210000000	-76855.50000000000
19.96215000000	-76867.70000000000
19.96220000000	-76879.89999999999
19.96225000000	-76910.39999999999
19.96230000000	-76922.60000000001
19.96235000000	-76965.30000000000
19.96240000000	-76989.70000000000
19.96245000000	-77032.50000000000
19.96250000000	-77050.80000000000
19.96255000000	-77087.39999999999
19.96260000000	-77105.70000000000
19.96265000000	-77166.70000000000
19.96270000000	-77185.10000000001
19.96275000000	-77209.50000000000
19.96280000000	-77227.80000000000
19.96285000000	-77264.39999999999
19.96290000000	-77282.70000000000
19.96295000000	-77294.89999999999
19.96300000000	-77313.20000000000
19.96305000000	-77319.30000000000
19.96310000000	-77337.60000000001
19.96315000000	-77343.70000000000
19.96320000000	-77362.10000000001
19.96325000000	-77380.39999999999
19.96330000000	-77404.80000000000
19.96335000000	-77404.80000000000
19.96340000000	-77410.89999999999
19.96345000000	-77423.10000000001
19.96350000000	-77441.39999999999
19.96355000000	-77453.60000000001
19.96360000000	-77435.30000000000
19.96365000000	-77453.60000000001
19.96370000000	-77441.39999999999
19.96375000000	-77478.00000000000
19.96380000000	-77447.50000000000
19.96385000000	-77478.00000000000
19.96390000000	-77453.60000000001
19.96395000000	-77484.10000000001
19.96400000000	-77465.80000000000
19.96405000000	-77471.89999999999
19.96410000000	-77478.00000000000
19.96415000000	-77496.30000000000
19.96420000000	-77490.20000000000
19.96425000000	-77471.89999999999
19.96430000000	-77502.39999999999
19.96435000000	-77484.10000000001
19.96440000000	-77496.30000000000
19.96445000000	-77471.89999999999
19.96450000000	-77478.00000000000
19.96455000000	-77459.70000000000
19.96460000000	-77478.00000000000
19.96465000000	-77465.80000000000
19.96470000000	-77490.20000000000
19.96475000000	-77453.60000000001
19.96480000000	-77471.89999999999
19.96485000000	-77465.80000000000
19.96490000000	-77435.30000000000
19.96495000000	-77447.50000000000
19.96500000000	-77447.50000000000
19.96505000000	-77459.70000000000
19.96510000000	-77435.30000000000
19.96515000000	-77441.39999999999
19.96520000000	-77429.20000000000
19.96525000000	-77429.20000000000
19.96530000000	-77404.80000000000
19.96535000000	-77398.70000000000
19.96540000000	-77368.20000000000
19.96545000000	-77386.50000000000
19.96550000000	-77368.20000000000
19.96555000000	-77337.60000000001
19.96560000000	-77307.10000000001
19.96565000000	-77282.70000000000
19.96570000000	-77264.39999999999
19.96575000000	-77221.70000000000
19.96580000000	-77209.50000000000
19.96585000000	-77172.80000000000
19.96590000000	-77154.50000000000
19.96595000000	-77099.60000000001
19.96600000000	-77087.39999999999
19.96605000000	-77050.80000000000
