16.25285000000	-77020.30000000000
16.25290000000	-77020.30000000000
16.25295000000	-77038.60000000001
16.25300000000	-77044.70000000000
16.25305000000	-77038.60000000001
16.25310000000	-77044.70000000000
16.25315000000	-77075.20000000000
16.25320000000	-77075.20000000000
16.25325000000	-77099.60000000001
16.25330000000	-77081.30000000000
16.25335000000	-77117.89999999999
16.25340000000	-77111.80000000000
16.25345000000	-77142.30000000000
16.25350000000	-77117.89999999999
16.25355000000	-77136.20000000000
16.25360000000	-77160.60000000001
16.25365000000	-77148.39999999999
16.25370000000	-77178.89999999999
16.25375000000	-77172.80000000000
16.25380000000	-77197.30000000000
16.25385000000	-77203.39999999999
16.25390000000	-77215.60000000001
16.25395000000	-77209.50000000000
16.25400000000	-77240.00000000000
16.25405000000	-77240.00000000000
16.25410000000	-77252.20000000000
16.25415000000	-77252.20000000000
16.25420000000	-77258.30000000000
16.25425000000	-77264.39999999999
16.25430000000	-77282.70000000000
16.25435000000	-77270.50000000000
16.25440000000	-77264.39999999999
16.25445000000	-77288.80000000000
16.25450000000	-77276.60000000001
16.25455000000	-77276.60000000001
16.25460000000	-77258.30000000000
16.25465000000	-77276.60000000001
16.25470000000	-77258.30000000000
16.25475000000	-77276.60000000001
16.25480000000	-77252.20000000000
16.25485000000	-77258.30000000000
16.25490000000	-77264.39999999999
16.25495000000	-77258.30000000000
16.25500000000	-77264.39999999999
16.25505000000	-77282.70000000000
16.25510000000	-77282.70000000000
16.25515000000	-77282.70000000000
16.25520000000	-77258.30000000000
16.25525000000	-77258.30000000000
16.25530000000	-77252.20000000000
16.25535000000	-77252.20000000000
16.25540000000	-77270.50000000000
16.25545000000	-77246.10000000001
16.25550000000	-77258.30000000000
16.25555000000	-77246.10000000001
16.25560000000	-77264.39999999999
16.25565000000	-77258.30000000000
16.25570000000	-77246.10000000001
16.25575000000	-77258.30000000000
16.25580000000	-77258.30000000000
16.25585000000	-77246.10000000001
16.25590000000	-77246.10000000001
16.25595000000	-77246.10000000001
16.25600000000	-77246.10000000001
16.25605000000	-77252.20000000000
16.25610000000	-77240.00000000000
16.25615000000	-77258.30000000000
16.25620000000	-77264.39999999999
16.25625000000	-77270.50000000000
16.25630000000	-77252.20000000000
16.25635000000	-77264.39999999999
16.25640000000	-77270.50000000000
16.25645000000	-77294.89999999999
16.25650000000	-77294.89999999999
16.25655000000	-77307.10000000001
16.25660000000	-77307.10000000001
16.25665000000	-77319.30000000000
16.25670000000	-77325.39999999999
16.25675000000	-77307.10000000001
16.25680000000	-77325.39999999999
16.25685000000	-77325.39999999999
16.25690000000	-77325.39999999999
16.25695000000	-77313.20000000000
16.25700000000	-77307.10000000001
16.25705000000	-77319.30000000000
16.25710000000	-77319.30000000000
16.25715000000	-77307.10000000001
16.25720000000	-77307.10000000001
16.25725000000	-77301.00000000000
16.25730000000	-77301.00000000000
16.25735000000	-77294.89999999999
16.25740000000	-77288.80000000000
16.25745000000	-77313.20000000000
16.25750000000	-77294.89999999999
16.25755000000	-77301.00000000000
16.25760000000	-77288.80000000000
16.25765000000	-77282.70000000000
16.25770000000	-77294.89999999999
16.25775000000	-77294.89999999999
16.25780000000	-77276.60000000001
16.25785000000	-77258.30000000000
16.25790000000	-77264.39999999999
16.25795000000	-77258.30000000000
16.25800000000	-77252.20000000000
16.25805000000	-77252.20000000000
16.25810000000	-77252.20000000000
16.25815000000	-77246.10000000001
16.25820000000	-77240.00000000000
16.25825000000	-77227.80000000000
16.25830000000	-77246.10000000001
16.25835000000	-77252.20000000000
16.25840000000	-77233.89999999999
16.25845000000	-77240.00000000000
16.25850000000	-77233.89999999999
16.25855000000	-77246.10000000001
16.25860000000	-77221.70000000000
16.25865000000	-77221.70000000000
16.25870000000	-77197.30000000000
16.25875000000	-77227.80000000000
16.25880000000	-77215.60000000001
16.25885000000	-77197.30000000000
16.25890000000	-77203.39999999999
16.25895000000	-77197.30000000000
16.25900000000	-77215.60000000001
16.25905000000	-77215.60000000001
16.25910000000	-77227.80000000000
16.25915000000	-77209.50000000000
16.25920000000	-77252.20000000000
16.25925000000	-77246.10000000001
16.25930000000	-77246.10000000001
16.25935000000	-77264.39999999999
16.25940000000	-77288.80000000000
16.25945000000	-77313.20000000000
16.25950000000	-77319.30000000000
16.25955000000	-77331.50000000000
16.25960000000	-77337.60000000001
16.25965000000	-77374.30000000000
16.25970000000	-77380.39999999999
16.25975000000	-77404.80000000000
16.25980000000	-77374.30000000000
16.25985000000	-77417.00000000000
16.25990000000	-77398.70000000000
16.25995000000	-77398.70000000000
16.26000000000	-77380.39999999999
16.26005000000	-77386.50000000000
16.26010000000	-77380.39999999999
16.26015000000	-77343.70000000000
16.26020000000	-77337.60000000001
16.26025000000	-77313.20000000000
16.26030000000	-77313.20000000000
16.26035000000	-77270.50000000000
16.26040000000	-77252.20000000000
16.26045000000	-77240.00000000000
16.26050000000	-77252.20000000000
16.26055000000	-77233.89999999999
16.26060000000	-77209.50000000000
16.26065000000	-77197.30000000000
16.26070000000	-77197.30000000000
16.26075000000	-77185.10000000001
16.26080000000	-77166.70000000000
16.26085000000	-77178.89999999999
16.26090000000	-77172.80000000000
16.26095000000	-77178.89999999999
16.26100000000	-77148.39999999999
16.26105000000	-77160.60000000001
16.26110000000	-77172.80000000000
16.26115000000	-77185.10000000001
16.26120000000	-77160.60000000001
16.26125000000	-77166.70000000000
16.26130000000	-77154.50000000000
16.26135000000	-77185.10000000001
16.26140000000	-77166.70000000000
16.26145000000	-77172.80000000000
16.26150000000	-77166.70000000000
16.26155000000	-77172.80000000000
16.26160000000	-77160.60000000001
16.26165000000	-77166.70000000000
16.26170000000	-77160.60000000001
16.26175000000	-77142.30000000000
16.26180000000	-77160.60000000001
16.26185000000	-77130.10000000001
16.26190000000	-77142.30000000000
16.26195000000	-77124.00000000000
16.26200000000	-77136.20000000000
16.26205000000	-77111.80000000000
16.26210000000	-77117.89999999999
16.26215000000	-77105.70000000000
16.26220000000	-77111.80000000000
16.26225000000	-77111.80000000000
16.26230000000	-77093.50000000000
16.26235000000	-77105.70000000000
16.26240000000	-77099.60000000001
16.26245000000	-77117.89999999999
16.26250000000	-77099.60000000001
16.26255000000	-77136.20000000000
16.26260000000	-77130.10000000001
16.26265000000	-77160.60000000001
16.26270000000	-77154.50000000000
16.26275000000	-77166.70000000000
16.26280000000	-77178.89999999999
16.26285000000	-77191.20000000000
16.26290000000	-77191.20000000000
16.26295000000	-77197.30000000000
16.26300000000	-77227.80000000000
16.26305000000	-77221.70000000000
16.26310000000	-77246.10000000001
16.26315000000	-77246.10000000001
16.26320000000	-77270.50000000000
16.26325000000	-77270.50000000000
16.26330000000	-77307.10000000001
16.26335000000	-77294.89999999999
16.26340000000	-77307.10000000001
16.26345000000	-77319.30000000000
16.26350000000	-77325.39999999999
16.26355000000	-77325.39999999999
16.26360000000	-77319.30000000000
16.26365000000	-77325.39999999999
16.26370000000	-77319.30000000000
16.26375000000	-77331.50000000000
16.26380000000	-77307.10000000001
16.26385000000	-77319.30000000000
16.26390000000	-77307.10000000001
16.26395000000	-77325.39999999999
16.26400000000	-77307.10000000001
16.26405000000	-77319.30000000000
16.26410000000	-77294.89999999999
16.26415000000	-77307.10000000001
16.26420000000	-77294.89999999999
16.26425000000	-77301.00000000000
16.26430000000	-77294.89999999999
16.26435000000	-77325.39999999999
16.26440000000	-77301.00000000000
16.26445000000	-77288.80000000000
16.26450000000	-77282.70000000000
16.26455000000	-77282.70000000000
16.26460000000	-77288.80000000000
16.26465000000	-77270.50000000000
16.26470000000	-77246.10000000001
16.26475000000	-77227.80000000000
16.26480000000	-77215.60000000001
16.26485000000	-77197.30000000000
16.26490000000	-77178.89999999999
16.26495000000	-77154.50000000000
16.26500000000	-77136.20000000000
16.26505000000	-77142.30000000000
16.26510000000	-77117.89999999999
16.26515000000	-77099.60000000001
16.26520000000	-77093.50000000000
16.26525000000	-77093.50000000000
16.26530000000	-77075.20000000000
16.26535000000	-77069.10000000001
16.26540000000	-77075.20000000000
16.26545000000	-77063.00000000000
16.26550000000	-77044.70000000000
16.26555000000	-77050.80000000000
16.26560000000	-77038.60000000001
16.26565000000	-77032.50000000000
16.26570000000	-77032.50000000000
16.26575000000	-77020.30000000000
16.26580000000	-77008.00000000000
16.26585000000	-77008.00000000000
16.26590000000	-77008.00000000000
16.26595000000	-77008.00000000000
16.26600000000	-77001.89999999999
16.26605000000	-77001.89999999999
16.26610000000	-76995.80000000000
16.26615000000	-76989.70000000000
16.26620000000	-76971.39999999999
16.26625000000	-76971.39999999999
16.26630000000	-76977.50000000000
16.26635000000	-76971.39999999999
16.26640000000	-76959.20000000000
16.26645000000	-76971.39999999999
16.26650000000	-76971.39999999999
16.26655000000	-76983.60000000001
16.26660000000	-76989.70000000000
16.26665000000	-76971.39999999999
16.26670000000	-76995.80000000000
16.26675000000	-77001.89999999999
16.26680000000	-77008.00000000000
16.26685000000	-77001.89999999999
16.26690000000	-77020.30000000000
16.26695000000	-77032.50000000000
16.26700000000	-77032.50000000000
16.26705000000	-77020.30000000000
16.26710000000	-77038.60000000001
16.26715000000	-77044.70000000000
16.26720000000	-77044.70000000000
16.26725000000	-77044.70000000000
16.26730000000	-77026.39999999999
16.26735000000	-77044.70000000000
16.26740000000	-77050.80000000000
16.26745000000	-77050.80000000000
16.26750000000	-77038.60000000001
16.26755000000	-77056.89999999999
16.26760000000	-77044.70000000000
16.26765000000	-77050.80000000000
16.26770000000	-77032.50000000000
16.26775000000	-77044.70000000000
16.26780000000	-77044.70000000000
16.26785000000	-77056.89999999999
16.26790000000	-77032.50000000000
16.26795000000	-77026.39999999999
16.26800000000	-77038.60000000001
16.26805000000	-77026.39999999999
16.26810000000	-77014.20000000000
16.26815000000	-76989.70000000000
16.26820000000	-77001.89999999999
16.26825000000	-76971.39999999999
16.26830000000	-76995.80000000000
16.26835000000	-76965.30000000000
16.26840000000	-76977.50000000000
16.26845000000	-76959.20000000000
16.26850000000	-76940.89999999999
16.26855000000	-76934.80000000000
16.26860000000	-76910.39999999999
16.26865000000	-76916.50000000000
16.26870000000	-76879.89999999999
16.26875000000	-76886.00000000000
16.26880000000	-76843.30000000000
16.26885000000	-76867.70000000000
16.26890000000	-76849.39999999999
16.26895000000	-76843.30000000000
16.26900000000	-76824.89999999999
16.26905000000	-76849.39999999999
16.26910000000	-76843.30000000000
16.26915000000	-76837.10000000001
16.26920000000	-76837.10000000001
16.26925000000	-76824.89999999999
16.26930000000	-76849.39999999999
16.26935000000	-76843.30000000000
16.26940000000	-76861.60000000001
16.26945000000	-76843.30000000000
16.26950000000	-76879.89999999999
16.26955000000	-76873.80000000000
16.26960000000	-76886.00000000000
16.26965000000	-76904.30000000000
16.26970000000	-76928.70000000000
16.26975000000	-76947.00000000000
16.26980000000	-76971.39999999999
16.26985000000	-76989.70000000000
16.26990000000	-77008.00000000000
16.26995000000	-77063.00000000000
16.27000000000	-77087.39999999999
16.27005000000	-77111.80000000000
16.27010000000	-77117.89999999999
16.27015000000	-77172.80000000000
16.27020000000	-77185.10000000001
16.27025000000	-77233.89999999999
16.27030000000	-77227.80000000000
16.27035000000	-77270.50000000000
16.27040000000	-77276.60000000001
16.27045000000	-77313.20000000000
16.27050000000	-77313.20000000000
16.27055000000	-77331.50000000000
16.27060000000	-77368.20000000000
16.27065000000	-77374.30000000000
16.27070000000	-77398.70000000000
16.27075000000	-77374.30000000000
16.27080000000	-77423.10000000001
16.27085000000	-77423.10000000001
16.27090000000	-77447.50000000000
16.27095000000	-77429.20000000000
16.27100000000	-77465.80000000000
16.27105000000	-77459.70000000000
16.27110000000	-77471.89999999999
16.27115000000	-77471.89999999999
16.27120000000	-77496.30000000000
16.27125000000	-77484.10000000001
16.27130000000	-77478.00000000000
16.27135000000	-77484.10000000001
16.27140000000	-77471.89999999999
16.27145000000	-77502.39999999999
16.27150000000	-77490.20000000000
16.27155000000	-77514.60000000001
16.27160000000	-77490.20000000000
16.27165000000	-77508.50000000000
16.27170000000	-77502.39999999999
16.27175000000	-77496.30000000000
16.27180000000	-77490.20000000000
16.27185000000	-77496.30000000000
16.27190000000	-77496.30000000000
16.27195000000	-77502.39999999999
16.27200000000	-77496.30000000000
16.27205000000	-77502.39999999999
16.27210000000	-77496.30000000000
16.27215000000	-77496.30000000000
16.27220000000	-77508.50000000000
16.27225000000	-77465.80000000000
16.27230000000	-77484.10000000001
16.27235000000	-77478.00000000000
16.27240000000	-77459.70000000000
16.27245000000	-77453.60000000001
16.27250000000	-77465.80000000000
16.27255000000	-77447.50000000000
16.27260000000	-77435.30000000000
16.27265000000	-77429.20000000000
16.27270000000	-77429.20000000000
16.27275000000	-77410.89999999999
16.27280000000	-77392.60000000001
16.27285000000	-77380.39999999999
16.27290000000	-77362.10000000001
16.27295000000	-77362.10000000001
16.27300000000	-77331.50000000000
16.27305000000	-77288.80000000000
16.27310000000	-77270.50000000000
16.27315000000	-77264.39999999999
16.27320000000	-77221.70000000000
16.27325000000	-77172.80000000000
16.27330000000	-77136.20000000000
16.27335000000	-77105.70000000000
16.27340000000	-77099.60000000001
16.27345000000	-77081.30000000000
